0	1	89
0	2	96
0	3	1
0	4	0
0	5	0
0	6	0
0	7	0
0	8	0
0	9	0
0	10	0
0	11	0
0	12	0
0	13	0
0	14	0
0	15	0
0	16	0
0	17	19
0	18	101
0	19	105
0	20	112
0	21	99
0	22	9
0	23	0
0	24	1
0	25	2
0	26	0
0	27	0
0	28	0
0	29	0
0	30	0
0	31	0
0	32	0
0	33	0
0	34	0
0	35	0
0	36	1
0	37	0
0	38	0
0	39	0
0	40	0
0	41	0
0	42	0
0	43	0
0	44	1
0	45	0
0	46	1
0	47	1
0	48	0
0	49	12
0	50	0
0	51	0
0	52	0
0	53	0
0	54	0
0	55	0
1	2	89
1	3	109
1	4	1
1	5	0
1	6	0
1	7	0
1	8	0
1	9	0
1	10	0
1	11	0
1	12	0
1	13	0
1	14	1
1	15	0
1	16	85
1	17	89
1	18	92
1	19	99
1	20	9
1	21	3
1	22	1
1	23	0
1	24	0
1	25	8
1	26	0
1	27	0
1	28	1
1	29	0
1	30	0
1	31	0
1	32	1
1	33	0
1	34	0
1	35	0
1	36	0
1	37	0
1	38	0
1	39	0
1	40	0
1	41	0
1	42	0
1	43	0
1	44	0
1	45	1
1	46	2
1	47	0
1	48	0
1	49	91
1	50	1
1	51	0
1	52	1
1	53	0
1	54	0
1	55	0
2	3	87
2	4	84
2	5	0
2	6	0
2	7	0
2	8	0
2	9	0
2	10	0
2	11	0
2	12	0
2	13	0
2	14	1
2	15	14
2	16	109
2	17	110
2	18	98
2	19	80
2	20	0
2	21	2
2	22	62
2	23	1
2	24	2
2	25	87
2	26	5
2	27	1
2	28	1
2	29	1
2	30	0
2	31	0
2	32	0
2	33	0
2	34	0
2	35	0
2	36	0
2	37	0
2	38	0
2	39	0
2	40	1
2	41	0
2	42	0
2	43	0
2	44	1
2	45	0
2	46	1
2	47	0
2	48	9
2	49	108
2	50	123
2	51	81
2	52	0
2	53	1
2	54	1
2	55	0
3	4	92
3	5	95
3	6	1
3	7	0
3	8	0
3	9	0
3	10	0
3	11	1
3	12	1
3	13	1
3	14	111
3	15	104
3	16	96
3	17	88
3	18	1
3	19	0
3	20	0
3	21	1
3	22	1
3	23	0
3	24	1
3	25	7
3	26	0
3	27	0
3	28	1
3	29	5
3	30	0
3	31	0
3	32	0
3	33	0
3	34	0
3	35	0
3	36	0
3	37	1
3	38	0
3	39	0
3	40	0
3	41	0
3	42	0
3	43	0
3	44	4
3	45	0
3	46	0
3	47	0
3	48	8
3	49	72
3	50	100
3	51	90
3	52	28
3	53	0
3	54	1
3	55	0
4	5	105
4	6	87
4	7	0
4	8	0
4	9	0
4	10	0
4	11	0
4	12	1
4	13	21
4	14	103
4	15	127
4	16	97
4	17	40
4	18	0
4	19	0
4	20	0
4	21	1
4	22	0
4	23	0
4	24	0
4	25	3
4	26	4
4	27	0
4	28	2
4	29	107
4	30	2
4	31	0
4	32	1
4	33	1
4	34	0
4	35	0
4	36	1
4	37	0
4	38	0
4	39	1
4	40	0
4	41	0
4	42	1
4	43	2
4	44	1
4	45	1
4	46	1
4	47	0
4	48	0
4	49	7
4	50	103
4	51	107
4	52	87
4	53	88
4	54	1
4	55	0
5	6	102
5	7	108
5	8	2
5	9	0
5	10	1
5	11	2
5	12	89
5	13	108
5	14	94
5	15	98
5	16	8
5	17	0
5	18	0
5	19	0
5	20	0
5	21	0
5	22	0
5	23	0
5	24	0
5	25	0
5	26	0
5	27	0
5	28	0
5	29	1
5	30	0
5	31	0
5	32	0
5	33	0
5	34	0
5	35	0
5	36	1
5	37	0
5	38	1
5	39	0
5	40	1
5	41	0
5	42	2
5	43	0
5	44	1
5	45	0
5	46	0
5	47	0
5	48	0
5	49	1
5	50	79
5	51	98
5	52	99
5	53	115
5	54	13
5	55	0
6	7	98
6	8	113
6	9	1
6	10	2
6	11	107
6	12	85
6	13	88
6	14	101
6	15	10
6	16	0
6	17	0
6	18	0
6	19	0
6	20	0
6	21	0
6	22	0
6	23	0
6	24	0
6	25	0
6	26	0
6	27	0
6	28	0
6	29	0
6	30	2
6	31	0
6	32	0
6	33	44
6	34	0
6	35	0
6	36	1
6	37	0
6	38	19
6	39	1
6	40	5
6	41	1
6	42	0
6	43	1
6	44	0
6	45	0
6	46	0
6	47	0
6	48	0
6	49	0
6	50	0
6	51	13
6	52	92
6	53	100
6	54	86
6	55	7
7	8	111
7	9	85
7	10	17
7	11	91
7	12	85
7	13	100
7	14	6
7	15	0
7	16	0
7	17	0
7	18	0
7	19	0
7	20	0
7	21	0
7	22	0
7	23	0
7	24	0
7	25	0
7	26	0
7	27	0
7	28	0
7	29	0
7	30	0
7	31	0
7	32	0
7	33	0
7	34	0
7	35	0
7	36	0
7	37	0
7	38	7
7	39	1
7	40	14
7	41	0
7	42	2
7	43	0
7	44	0
7	45	0
7	46	0
7	47	0
7	48	0
7	49	0
7	50	0
7	51	1
7	52	87
7	53	106
7	54	104
7	55	75
8	9	105
8	10	99
8	11	116
8	12	90
8	13	4
8	14	1
8	15	0
8	16	0
8	17	0
8	18	0
8	19	0
8	20	0
8	21	0
8	22	0
8	23	0
8	24	0
8	25	1
8	26	0
8	27	0
8	28	0
8	29	0
8	30	0
8	31	0
8	32	0
8	33	0
8	34	0
8	35	0
8	36	0
8	37	3
8	38	90
8	39	92
8	40	90
8	41	1
8	42	1
8	43	0
8	44	0
8	45	0
8	46	0
8	47	0
8	48	0
8	49	0
8	50	0
8	51	0
8	52	1
8	53	95
8	54	94
8	55	111
9	10	114
9	11	83
9	12	90
9	13	1
9	14	0
9	15	0
9	16	0
9	17	0
9	18	0
9	19	0
9	20	0
9	21	0
9	22	0
9	23	0
9	24	0
9	25	0
9	26	0
9	27	0
9	28	0
9	29	0
9	30	0
9	31	0
9	32	0
9	33	0
9	34	0
9	35	0
9	36	0
9	37	2
9	38	42
9	39	1
9	40	3
9	41	0
9	42	0
9	43	0
9	44	0
9	45	0
9	46	0
9	47	0
9	48	0
9	49	0
9	50	0
9	51	0
9	52	0
9	53	0
9	54	18
9	55	84
10	11	94
10	12	95
10	13	0
10	14	0
10	15	0
10	16	1
10	17	0
10	18	0
10	19	0
10	20	0
10	21	0
10	22	0
10	23	0
10	24	0
10	25	0
10	26	0
10	27	0
10	28	0
10	29	0
10	30	0
10	31	1
10	32	0
10	33	0
10	34	1
10	35	0
10	36	3
10	37	5
10	38	37
10	39	2
10	40	0
10	41	0
10	42	0
10	43	0
10	44	0
10	45	0
10	46	0
10	47	0
10	48	0
10	49	0
10	50	0
10	51	0
10	52	0
10	53	0
10	54	0
10	55	2
11	12	100
11	13	72
11	14	1
11	15	1
11	16	0
11	17	0
11	18	0
11	19	0
11	20	0
11	21	0
11	22	0
11	23	0
11	24	0
11	25	0
11	26	0
11	27	0
11	28	0
11	29	0
11	30	0
11	31	0
11	32	0
11	33	2
11	34	1
11	35	1
11	36	59
11	37	13
11	38	89
11	39	0
11	40	3
11	41	0
11	42	0
11	43	0
11	44	0
11	45	0
11	46	0
11	47	0
11	48	0
11	49	0
11	50	0
11	51	0
11	52	1
11	53	2
11	54	2
11	55	1
12	13	99
12	14	91
12	15	1
12	16	0
12	17	0
12	18	0
12	19	0
12	20	0
12	21	0
12	22	0
12	23	0
12	24	0
12	25	0
12	26	0
12	27	0
12	28	0
12	29	1
12	30	0
12	31	0
12	32	1
12	33	3
12	34	0
12	35	0
12	36	1
12	37	0
12	38	1
12	39	0
12	40	0
12	41	0
12	42	0
12	43	0
12	44	0
12	45	0
12	46	0
12	47	0
12	48	0
12	49	0
12	50	0
12	51	0
12	52	0
12	53	2
12	54	5
12	55	0
13	14	89
13	15	101
13	16	0
13	17	0
13	18	0
13	19	0
13	20	0
13	21	0
13	22	0
13	23	0
13	24	0
13	25	0
13	26	0
13	27	0
13	28	0
13	29	0
13	30	0
13	31	0
13	32	0
13	33	0
13	34	0
13	35	0
13	36	0
13	37	0
13	38	1
13	39	1
13	40	1
13	41	0
13	42	0
13	43	1
13	44	0
13	45	0
13	46	0
13	47	0
13	48	0
13	49	0
13	50	0
13	51	0
13	52	2
13	53	2
13	54	0
13	55	0
14	15	92
14	16	117
14	17	3
14	18	0
14	19	0
14	20	0
14	21	0
14	22	0
14	23	0
14	24	1
14	25	1
14	26	0
14	27	0
14	28	1
14	29	1
14	30	0
14	31	0
14	32	1
14	33	0
14	34	0
14	35	0
14	36	0
14	37	0
14	38	0
14	39	0
14	40	0
14	41	0
14	42	2
14	43	0
14	44	0
14	45	0
14	46	0
14	47	0
14	48	0
14	49	0
14	50	3
14	51	2
14	52	4
14	53	0
14	54	0
14	55	0
15	16	115
15	17	89
15	18	1
15	19	0
15	20	0
15	21	0
15	22	0
15	23	0
15	24	0
15	25	0
15	26	1
15	27	0
15	28	1
15	29	1
15	30	0
15	31	0
15	32	1
15	33	0
15	34	0
15	35	0
15	36	0
15	37	0
15	38	0
15	39	0
15	40	0
15	41	0
15	42	0
15	43	1
15	44	0
15	45	0
15	46	0
15	47	1
15	48	0
15	49	0
15	50	0
15	51	1
15	52	0
15	53	0
15	54	1
15	55	0
16	17	101
16	18	83
16	19	0
16	20	0
16	21	0
16	22	0
16	23	1
16	24	0
16	25	2
16	26	1
16	27	0
16	28	0
16	29	9
16	30	2
16	31	0
16	32	0
16	33	1
16	34	0
16	35	0
16	36	0
16	37	0
16	38	0
16	39	0
16	40	0
16	41	0
16	42	0
16	43	0
16	44	0
16	45	0
16	46	0
16	47	0
16	48	0
16	49	1
16	50	2
16	51	2
16	52	0
16	53	1
16	54	0
16	55	0
17	18	81
17	19	93
17	20	1
17	21	2
17	22	1
17	23	0
17	24	2
17	25	104
17	26	1
17	27	1
17	28	40
17	29	55
17	30	0
17	31	0
17	32	1
17	33	0
17	34	1
17	35	0
17	36	0
17	37	0
17	38	0
17	39	0
17	40	0
17	41	0
17	42	0
17	43	0
17	44	0
17	45	0
17	46	0
17	47	0
17	48	0
17	49	0
17	50	3
17	51	1
17	52	0
17	53	0
17	54	0
17	55	0
18	19	107
18	20	97
18	21	3
18	22	3
18	23	0
18	24	1
18	25	99
18	26	1
18	27	0
18	28	1
18	29	2
18	30	1
18	31	0
18	32	0
18	33	0
18	34	0
18	35	0
18	36	0
18	37	0
18	38	0
18	39	0
18	40	0
18	41	0
18	42	0
18	43	1
18	44	0
18	45	0
18	46	0
18	47	0
18	48	0
18	49	2
18	50	0
18	51	0
18	52	0
18	53	0
18	54	0
18	55	0
19	20	95
19	21	110
19	22	93
19	23	10
19	24	112
19	25	117
19	26	1
19	27	1
19	28	9
19	29	2
19	30	0
19	31	1
19	32	1
19	33	0
19	34	0
19	35	0
19	36	0
19	37	0
19	38	0
19	39	0
19	40	0
19	41	0
19	42	0
19	43	0
19	44	1
19	45	0
19	46	0
19	47	0
19	48	0
19	49	0
19	50	1
19	51	0
19	52	0
19	53	0
19	54	0
19	55	0
20	21	83
20	22	77
20	23	8
20	24	100
20	25	67
20	26	0
20	27	0
20	28	1
20	29	0
20	30	0
20	31	0
20	32	0
20	33	0
20	34	0
20	35	0
20	36	0
20	37	0
20	38	0
20	39	0
20	40	0
20	41	1
20	42	0
20	43	0
20	44	0
20	45	0
20	46	0
20	47	0
20	48	1
20	49	0
20	50	0
20	51	0
20	52	0
20	53	0
20	54	0
20	55	0
21	22	107
21	23	98
21	24	101
21	25	88
21	26	7
21	27	2
21	28	1
21	29	0
21	30	0
21	31	0
21	32	0
21	33	0
21	34	1
21	35	0
21	36	0
21	37	0
21	38	0
21	39	0
21	40	0
21	41	1
21	42	0
21	43	0
21	44	1
21	45	0
21	46	0
21	47	0
21	48	0
21	49	2
21	50	0
21	51	0
21	52	0
21	53	0
21	54	0
21	55	0
22	23	108
22	24	97
22	25	104
22	26	86
22	27	4
22	28	1
22	29	0
22	30	0
22	31	0
22	32	0
22	33	0
22	34	0
22	35	0
22	36	0
22	37	0
22	38	0
22	39	0
22	40	0
22	41	0
22	42	0
22	43	0
22	44	9
22	45	1
22	46	28
22	47	0
22	48	0
22	49	55
22	50	3
22	51	3
22	52	0
22	53	1
22	54	0
22	55	0
23	24	109
23	25	98
23	26	104
23	27	106
23	28	4
23	29	3
23	30	1
23	31	0
23	32	0
23	33	0
23	34	0
23	35	0
23	36	0
23	37	0
23	38	0
23	39	0
23	40	0
23	41	0
23	42	0
23	43	0
23	44	0
23	45	0
23	46	1
23	47	1
23	48	0
23	49	0
23	50	0
23	51	1
23	52	0
23	53	0
23	54	0
23	55	0
24	25	94
24	26	81
24	27	93
24	28	111
24	29	3
24	30	1
24	31	0
24	32	0
24	33	0
24	34	0
24	35	0
24	36	0
24	37	0
24	38	0
24	39	0
24	40	0
24	41	0
24	42	0
24	43	0
24	44	1
24	45	0
24	46	1
24	47	0
24	48	0
24	49	0
24	50	1
24	51	0
24	52	0
24	53	0
24	54	0
24	55	0
25	26	99
25	27	90
25	28	106
25	29	106
25	30	18
25	31	1
25	32	0
25	33	0
25	34	0
25	35	0
25	36	0
25	37	0
25	38	0
25	39	0
25	40	0
25	41	0
25	42	0
25	43	0
25	44	1
25	45	0
25	46	0
25	47	0
25	48	0
25	49	1
25	50	2
25	51	5
25	52	0
25	53	0
25	54	0
25	55	0
26	27	96
26	28	86
26	29	104
26	30	97
26	31	13
26	32	2
26	33	0
26	34	0
26	35	0
26	36	0
26	37	0
26	38	0
26	39	0
26	40	0
26	41	0
26	42	4
26	43	2
26	44	9
26	45	1
26	46	0
26	47	0
26	48	1
26	49	2
26	50	1
26	51	89
26	52	1
26	53	1
26	54	0
26	55	0
27	28	102
27	29	93
27	30	89
27	31	89
27	32	14
27	33	0
27	34	0
27	35	0
27	36	0
27	37	0
27	38	0
27	39	0
27	40	0
27	41	0
27	42	1
27	43	0
27	44	0
27	45	0
27	46	1
27	47	0
27	48	0
27	49	0
27	50	0
27	51	0
27	52	0
27	53	0
27	54	1
27	55	0
28	29	95
28	30	89
28	31	87
28	32	84
28	33	3
28	34	2
28	35	1
28	36	1
28	37	0
28	38	0
28	39	0
28	40	0
28	41	0
28	42	0
28	43	0
28	44	0
28	45	0
28	46	0
28	47	0
28	48	0
28	49	0
28	50	0
28	51	0
28	52	0
28	53	1
28	54	0
28	55	0
29	30	100
29	31	99
29	32	87
29	33	103
29	34	13
29	35	3
29	36	1
29	37	0
29	38	1
29	39	0
29	40	0
29	41	2
29	42	4
29	43	0
29	44	0
29	45	0
29	46	0
29	47	0
29	48	0
29	49	0
29	50	0
29	51	20
29	52	1
29	53	3
29	54	0
29	55	0
30	31	107
30	32	121
30	33	84
30	34	95
30	35	12
30	36	0
30	37	0
30	38	6
30	39	2
30	40	0
30	41	0
30	42	1
30	43	0
30	44	0
30	45	0
30	46	0
30	47	0
30	48	0
30	49	0
30	50	0
30	51	0
30	52	1
30	53	6
30	54	0
30	55	0
31	32	113
31	33	94
31	34	91
31	35	85
31	36	7
31	37	0
31	38	0
31	39	0
31	40	1
31	41	0
31	42	0
31	43	0
31	44	0
31	45	0
31	46	0
31	47	0
31	48	0
31	49	0
31	50	1
31	51	0
31	52	0
31	53	0
31	54	0
31	55	0
32	33	101
32	34	96
32	35	103
32	36	122
32	37	4
32	38	4
32	39	1
32	40	0
32	41	0
32	42	0
32	43	0
32	44	0
32	45	0
32	46	0
32	47	0
32	48	0
32	49	0
32	50	0
32	51	0
32	52	0
32	53	0
32	54	0
32	55	0
33	34	117
33	35	85
33	36	87
33	37	78
33	38	93
33	39	85
33	40	9
33	41	1
33	42	0
33	43	0
33	44	0
33	45	0
33	46	0
33	47	0
33	48	0
33	49	0
33	50	0
33	51	0
33	52	0
33	53	36
33	54	0
33	55	1
34	35	113
34	36	112
34	37	109
34	38	103
34	39	95
34	40	1
34	41	0
34	42	0
34	43	0
34	44	0
34	45	0
34	46	0
34	47	0
34	48	0
34	49	0
34	50	0
34	51	0
34	52	1
34	53	0
34	54	0
34	55	0
35	36	116
35	37	91
35	38	104
35	39	0
35	40	0
35	41	0
35	42	0
35	43	0
35	44	0
35	45	0
35	46	0
35	47	0
35	48	0
35	49	0
35	50	1
35	51	0
35	52	0
35	53	0
35	54	0
35	55	0
36	37	93
36	38	104
36	39	2
36	40	0
36	41	0
36	42	0
36	43	0
36	44	0
36	45	0
36	46	0
36	47	0
36	48	0
36	49	0
36	50	0
36	51	0
36	52	1
36	53	1
36	54	0
36	55	0
37	38	92
37	39	93
37	40	2
37	41	0
37	42	0
37	43	0
37	44	0
37	45	0
37	46	0
37	47	0
37	48	0
37	49	0
37	50	0
37	51	0
37	52	0
37	53	0
37	54	0
37	55	0
38	39	103
38	40	91
38	41	1
38	42	0
38	43	1
38	44	0
38	45	0
38	46	0
38	47	0
38	48	0
38	49	0
38	50	0
38	51	0
38	52	0
38	53	37
38	54	18
38	55	90
39	40	112
39	41	92
39	42	6
39	43	0
39	44	0
39	45	0
39	46	0
39	47	0
39	48	0
39	49	0
39	50	0
39	51	0
39	52	1
39	53	77
39	54	82
39	55	88
40	41	120
40	42	107
40	43	1
40	44	0
40	45	0
40	46	0
40	47	0
40	48	0
40	49	0
40	50	1
40	51	1
40	52	5
40	53	110
40	54	104
40	55	103
41	42	104
41	43	81
41	44	1
41	45	0
41	46	0
41	47	0
41	48	0
41	49	0
41	50	0
41	51	2
41	52	64
41	53	119
41	54	92
41	55	106
42	43	107
42	44	96
42	45	2
42	46	0
42	47	0
42	48	1
42	49	1
42	50	0
42	51	94
42	52	85
42	53	96
42	54	102
42	55	1
43	44	100
43	45	95
43	46	2
43	47	0
43	48	0
43	49	1
43	50	33
43	51	88
43	52	103
43	53	94
43	54	4
43	55	0
44	45	111
44	46	103
44	47	3
44	48	4
44	49	95
44	50	91
44	51	105
44	52	92
44	53	5
44	54	0
44	55	0
45	46	98
45	47	111
45	48	107
45	49	90
45	50	121
45	51	110
45	52	8
45	53	0
45	54	0
45	55	0
46	47	99
46	48	95
46	49	117
46	50	103
46	51	7
46	52	0
46	53	0
46	54	0
46	55	0
47	48	73
47	49	112
47	50	68
47	51	0
47	52	0
47	53	0
47	54	0
47	55	0
48	49	93
48	50	100
48	51	4
48	52	0
48	53	0
48	54	0
48	55	0
49	50	89
49	51	94
49	52	0
49	53	0
49	54	0
49	55	0
50	51	102
50	52	112
50	53	0
50	54	0
50	55	0
51	52	102
51	53	96
51	54	2
51	55	0
52	53	101
52	54	88
52	55	1
53	54	88
53	55	74
54	55	93
