0.91964
1.00000
0.69336
0.82207
1.10064
1.51021
1.13040
0.76314
1.00000
1.10064
0.87358
1.10064
0.82207
1.54201
0.91964
0.87358
0.76314
0.60571
1.10064
0.76314
0.87358
0.96150
0.82207
0.82207
1.25992
0.82207
1.00000
0.76314
1.10064
0.82207
0.76314
1.18563
0.76314
1.21141
1.23614
1.06918
1.13040
1.13040
0.76314
1.18563
1.03574
1.03574
0.76314
0.96150
1.57256
1.30495
0.82207
0.60571
0.82207
1.03574
1.25992
0.87358
0.82207
0.60571
0.69336
1.23614
1.03574
1.25992
1.25992
1.13040
1.00000
1.21141
0.76314
0.91964
1.13040
1.06918
0.96150
0.60571
1.00000
0.91964
1.21141
1.30495
0.82207
1.42421
1.00000
1.03574
1.03574
0.87358
0.82207
1.32635
1.42421
1.13040
0.76314
1.10064
0.69336
1.25992
1.06918
0.87358
0.96150
1.25992
0.91964
1.13040
1.23614
1.34708
0.87358
1.10064
0.87358
1.25992
0.76314
1.00000
1.52628
1.03574
0.60571
1.06918
0.76314
1.15867
1.10064
1.00000
1.10064
1.00000
0.82207
1.18563
1.40572
0.76314
2.93692
0.96150
0.82207
0.69336
0.76314
1.06918
1.00000
0.76314
0.96150
0.69336
0.76314
1.03574
0.96150
0.82207
1.03574
1.03574
0.91964
1.25992
0.82207
0.87358
1.03574
1.03574
0.69336
1.03574
0.76314
1.03574
0.82207
1.30495
0.69336
0.69336
1.00000
0.76314
1.06918
1.18563
1.28283
0.69336
0.82207
1.23614
0.96150
1.13040
1.30495
1.18563
0.76314
0.60571
0.96150
0.60571
1.18563
0.91964
1.06918
0.82207
0.82207
0.87358
0.91964
1.57256
1.28283
0.91964
1.13040
1.36718
0.91964
0.87358
0.91964
1.25992
0.91964
0.60571
0.91964
1.00000
1.44224
0.69336
1.10064
1.03574
1.25992
1.25992
1.21141
1.15867
1.06918
1.03574
1.18563
1.21141
1.03574
0.87358
1.51021
1.00000
1.03574
1.06918
1.06918
1.00000
1.23614
0.82207
1.18563
1.06918
1.23614
1.00000
0.91964
1.61626
0.87358
1.03574
1.18563
0.87358
1.63734
