1.091393e+00
1.000000e+00
9.283178e-01
7.368063e-01
1.193483e+00
1.169607e+00
1.216440e+00
6.694330e-01
7.368063e-01
7.368063e-01
1.091393e+00
1.062659e+00
8.879040e-01
1.032280e+00
9.283178e-01
7.368063e-01
8.434327e-01
8.434327e-01
1.375069e+00
8.434327e-01
6.694330e-01
9.283178e-01
7.368063e-01
6.694330e-01
1.193483e+00
7.937005e-01
1.193483e+00
1.238562e+00
1.169607e+00
6.694330e-01
7.368063e-01
8.879040e-01
9.283178e-01
7.937005e-01
7.368063e-01
9.283178e-01
7.368063e-01
8.434327e-01
7.937005e-01
9.654894e-01
2.244017e+00
1.238562e+00
7.368063e-01
8.879040e-01
8.434327e-01
7.368063e-01
8.434327e-01
1.032280e+00
1.000000e+00
7.937005e-01
1.409460e+00
1.338866e+00
1.966095e+00
7.937005e-01
1.144714e+00
1.000000e+00
8.879040e-01
9.283178e-01
8.879040e-01
7.937005e-01
1.458100e+00
8.434327e-01
1.238562e+00
7.368063e-01
1.426043e+00
6.694330e-01
1.000000e+00
1.144714e+00
1.091393e+00
1.000000e+00
7.937005e-01
1.118689e+00
9.283178e-01
1.158476e+00
