0 1 10000
0 2 6461
0 3 3958
0 4 2656
0 5 2159
0 6 1407
0 7 940
0 8 845
0 9 920
0 10 654
0 11 722
0 12 471
0 13 741
0 14 693
0 15 1469
0 16 989
0 17 826
0 18 933
0 19 791
0 20 610
0 21 894
0 22 619
0 23 524
0 24 693
0 25 528
0 26 506
0 27 711
0 28 924
0 29 1332
0 30 914
0 31 1053
0 32 1473
0 33 1205
0 34 1469
0 35 1076
0 36 1018
0 37 720
0 38 754
0 39 515
0 40 711
0 41 357
0 42 350
0 43 306
0 44 335
0 45 376
0 46 347
0 47 262
0 48 206
0 49 239
0 50 211
0 51 364
0 52 142
0 53 369
0 54 685
0 55 389
0 56 413
0 57 394
0 58 302
0 59 278
0 60 209
0 61 230
0 62 117
0 63 152
0 64 161
0 65 223
0 66 238
0 67 260
0 68 431
0 69 468
0 70 701
0 71 905
0 72 2021
0 73 3016
1 2 10000
1 3 4995
1 4 3538
1 5 798
1 6 489
1 7 625
1 8 859
1 9 423
1 10 537
1 11 666
1 12 488
1 13 373
1 14 636
1 15 1341
1 16 1069
1 17 811
1 18 653
1 19 648
1 20 551
1 21 435
1 22 598
1 23 547
1 24 620
1 25 588
1 26 472
1 27 324
1 28 1063
1 29 1547
1 30 1020
1 31 1446
1 32 1629
1 33 1267
1 34 563
1 35 423
1 36 203
1 37 317
1 38 388
1 39 179
1 40 198
1 41 298
1 42 252
1 43 154
1 44 230
1 45 333
1 46 311
1 47 118
1 48 109
1 49 225
1 50 143
1 51 356
1 52 91
1 53 303
1 54 730
1 55 372
1 56 399
1 57 441
1 58 241
1 59 254
1 60 183
1 61 172
1 62 89
1 63 107
1 64 115
1 65 207
1 66 204
1 67 139
1 68 390
1 69 488
1 70 351
1 71 772
1 72 1448
1 73 1640
2 3 10000
2 4 7509
2 5 677
2 6 444
2 7 676
2 8 882
2 9 421
2 10 625
2 11 934
2 12 560
2 13 394
2 14 876
2 15 1747
2 16 1402
2 17 1088
2 18 756
2 19 673
2 20 560
2 21 413
2 22 658
2 23 579
2 24 904
2 25 775
2 26 608
2 27 273
2 28 1174
2 29 1827
2 30 1537
2 31 1843
2 32 2141
2 33 1349
2 34 557
2 35 405
2 36 283
2 37 368
2 38 381
2 39 147
2 40 185
2 41 357
2 42 342
2 43 162
2 44 205
2 45 332
2 46 305
2 47 113
2 48 98
2 49 225
2 50 154
2 51 526
2 52 96
2 53 471
2 54 964
2 55 566
2 56 573
2 57 530
2 58 284
2 59 366
2 60 226
2 61 260
2 62 94
2 63 96
2 64 121
2 65 263
2 66 294
2 67 138
2 68 440
2 69 519
2 70 312
2 71 696
2 72 1236
2 73 1332
3 4 10000
3 5 1752
3 6 1013
3 7 876
3 8 1108
3 9 655
3 10 1277
3 11 1148
3 12 653
3 13 733
3 14 889
3 15 1284
3 16 1158
3 17 1313
3 18 858
3 19 845
3 20 538
3 21 486
3 22 657
3 23 863
3 24 827
3 25 662
3 26 661
3 27 391
3 28 961
3 29 1142
3 30 1013
3 31 1675
3 32 1928
3 33 1466
3 34 1788
3 35 1192
3 36 966
3 37 562
3 38 531
3 39 446
3 40 861
3 41 566
3 42 435
3 43 223
3 44 254
3 45 485
3 46 348
3 47 179
3 48 167
3 49 376
3 50 194
3 51 507
3 52 147
3 53 423
3 54 920
3 55 713
3 56 517
3 57 492
3 58 291
3 59 346
3 60 318
3 61 310
3 62 107
3 63 106
3 64 162
3 65 292
3 66 291
3 67 176
3 68 430
3 69 503
3 70 273
3 71 548
3 72 732
3 73 955
4 5 5487
4 6 1597
4 7 4237
4 8 4881
4 9 2122
4 10 2004
4 11 1670
4 12 1515
4 13 1050
4 14 1580
4 15 2143
4 16 1768
4 17 1479
4 18 1201
4 19 1227
4 20 1285
4 21 1094
4 22 1030
4 23 986
4 24 1077
4 25 920
4 26 1114
4 27 993
4 28 1759
4 29 1735
4 30 1406
4 31 1459
4 32 2563
4 33 2814
4 34 1513
4 35 980
4 36 741
4 37 1044
4 38 570
4 39 402
4 40 478
4 41 949
4 42 1003
4 43 651
4 44 660
4 45 1060
4 46 938
4 47 392
4 48 346
4 49 680
4 50 470
4 51 872
4 52 222
4 53 1120
4 54 1012
4 55 603
4 56 574
4 57 658
4 58 515
4 59 581
4 60 459
4 61 493
4 62 231
4 63 293
4 64 297
4 65 537
4 66 509
4 67 373
4 68 671
4 69 602
4 70 525
4 71 658
4 72 743
4 73 727
5 6 10000
5 7 5589
5 8 2863
5 9 4174
5 10 2798
5 11 518
5 12 1293
5 13 2485
5 14 812
5 15 1104
5 16 1171
5 17 792
5 18 1972
5 19 1133
5 20 967
5 21 1793
5 22 832
5 23 460
5 24 811
5 25 493
5 26 856
5 27 2368
5 28 1286
5 29 287
5 30 441
5 31 190
5 32 367
5 33 1052
5 34 3089
5 35 4503
5 36 5758
5 37 4042
5 38 4943
5 39 3275
5 40 3740
5 41 1115
5 42 622
5 43 1212
5 44 973
5 45 479
5 46 960
5 47 1204
5 48 993
5 49 404
5 50 1016
5 51 360
5 52 1000
5 53 445
5 54 129
5 55 185
5 56 125
5 57 168
5 58 474
5 59 205
5 60 518
5 61 218
5 62 454
5 63 530
5 64 620
5 65 399
5 66 463
5 67 813
5 68 496
5 69 202
5 70 523
5 71 588
5 72 435
5 73 133
6 7 10000
6 8 4021
6 9 6825
6 10 4120
6 11 620
6 12 1566
6 13 3489
6 14 873
6 15 825
6 16 1158
6 17 692
6 18 2012
6 19 1049
6 20 992
6 21 1852
6 22 659
6 23 514
6 24 742
6 25 447
6 26 736
6 27 2471
6 28 957
6 29 248
6 30 380
6 31 165
6 32 266
6 33 788
6 34 2305
6 35 4605
6 36 5721
6 37 4414
6 38 4640
6 39 3483
6 40 4115
6 41 967
6 42 467
6 43 1111
6 44 728
6 45 347
6 46 712
6 47 1265
6 48 1069
6 49 376
6 50 1038
6 51 272
6 52 1063
6 53 388
6 54 101
6 55 142
6 56 103
6 57 145
6 58 515
6 59 190
6 60 500
6 61 190
6 62 479
6 63 453
6 64 638
6 65 292
6 66 375
6 67 777
6 68 354
6 69 158
6 70 429
6 71 479
6 72 292
6 73 103
7 8 10000
7 9 10000
7 10 10000
7 11 2681
7 12 2290
7 13 2297
7 14 1769
7 15 2372
7 16 1308
7 17 1132
7 18 1373
7 19 1340
7 20 1338
7 21 1341
7 22 1043
7 23 681
7 24 760
7 25 651
7 26 938
7 27 1448
7 28 1302
7 29 500
7 30 502
7 31 434
7 32 798
7 33 1608
7 34 1986
7 35 1648
7 36 2865
7 37 1477
7 38 915
7 39 719
7 40 907
7 41 829
7 42 825
7 43 886
7 44 886
7 45 790
7 46 855
7 47 720
7 48 576
7 49 586
7 50 700
7 51 672
7 52 484
7 53 771
7 54 330
7 55 238
7 56 243
7 57 308
7 58 464
7 59 371
7 60 378
7 61 436
7 62 380
7 63 381
7 64 422
7 65 414
7 66 446
7 67 506
7 68 559
7 69 325
7 70 408
7 71 435
7 72 383
7 73 221
8 9 10000
8 10 10000
8 11 4086
8 12 2521
8 13 2208
8 14 2181
8 15 1852
8 16 1980
8 17 1599
8 18 1523
8 19 1397
8 20 1209
8 21 1069
8 22 1217
8 23 915
8 24 885
8 25 912
8 26 1147
8 27 1003
8 28 1480
8 29 741
8 30 671
8 31 706
8 32 1349
8 33 1973
8 34 1608
8 35 1373
8 36 1372
8 37 1200
8 38 586
8 39 423
8 40 516
8 41 1028
8 42 912
8 43 567
8 44 765
8 45 1099
8 46 697
8 47 439
8 48 433
8 49 804
8 50 578
8 51 786
8 52 312
8 53 871
8 54 505
8 55 300
8 56 389
8 57 483
8 58 459
8 59 494
8 60 435
8 61 485
8 62 311
8 63 302
8 64 352
8 65 607
8 66 487
8 67 401
8 68 526
8 69 416
8 70 332
8 71 431
8 72 334
8 73 320
9 10 10000
9 11 3073
9 12 2983
9 13 4352
9 14 1561
9 15 1169
9 16 1612
9 17 1089
9 18 1939
9 19 1326
9 20 1199
9 21 1749
9 22 979
9 23 697
9 24 1200
9 25 652
9 26 1029
9 27 1823
9 28 1637
9 29 468
9 30 575
9 31 246
9 32 344
9 33 774
9 34 1402
9 35 1728
9 36 1878
9 37 1705
9 38 1238
9 39 980
9 40 1324
9 41 871
9 42 573
9 43 1190
9 44 963
9 45 485
9 46 733
9 47 911
9 48 748
9 49 387
9 50 782
9 51 430
9 52 548
9 53 716
9 54 187
9 55 207
9 56 156
9 57 235
9 58 694
9 59 302
9 60 451
9 61 248
9 62 458
9 63 441
9 64 484
9 65 369
9 66 489
9 67 649
9 68 533
9 69 282
9 70 617
9 71 556
9 72 368
9 73 134
10 11 10000
10 12 3509
10 13 3417
10 14 2388
10 15 1517
10 16 1607
10 17 1290
10 18 1499
10 19 1243
10 20 1126
10 21 1385
10 22 871
10 23 764
10 24 836
10 25 727
10 26 906
10 27 1364
10 28 1241
10 29 617
10 30 762
10 31 633
10 32 975
10 33 1223
10 34 1380
10 35 1293
10 36 1314
10 37 1171
10 38 853
10 39 660
10 40 836
10 41 810
10 42 735
10 43 856
10 44 721
10 45 689
10 46 689
10 47 634
10 48 520
10 49 565
10 50 591
10 51 513
10 52 360
10 53 621
10 54 428
10 55 310
10 56 316
10 57 336
10 58 441
10 59 361
10 60 363
10 61 342
10 62 323
10 63 370
10 64 382
10 65 359
10 66 394
10 67 477
10 68 449
10 69 381
10 70 403
10 71 378
10 72 318
10 73 259
11 12 10000
11 13 4096
11 14 5802
11 15 3900
11 16 2536
11 17 2231
11 18 1356
11 19 1135
11 20 1032
11 21 710
11 22 1056
11 23 1038
11 24 1074
11 25 1044
11 26 892
11 27 431
11 28 1129
11 29 900
11 30 898
11 31 962
11 32 1207
11 33 1021
11 34 437
11 35 449
11 36 268
11 37 446
11 38 245
11 39 159
11 40 183
11 41 645
11 42 583
11 43 265
11 44 439
11 45 739
11 46 474
11 47 210
11 48 193
11 49 561
11 50 285
11 51 794
11 52 140
11 53 591
11 54 658
11 55 460
11 56 539
11 57 518
11 58 341
11 59 556
11 60 407
11 61 414
11 62 173
11 63 167
11 64 215
11 65 370
11 66 426
11 67 205
11 68 484
11 69 473
11 70 240
11 71 407
11 72 352
11 73 366
12 13 10000
12 14 10000
12 15 3775
12 16 4066
12 17 2391
12 18 1865
12 19 1576
12 20 1740
12 21 1580
12 22 1395
12 23 889
12 24 1052
12 25 1082
12 26 953
12 27 1082
12 28 1283
12 29 656
12 30 861
12 31 476
12 32 524
12 33 756
12 34 889
12 35 918
12 36 708
12 37 802
12 38 535
12 39 441
12 40 509
12 41 621
12 42 653
12 43 627
12 44 731
12 45 675
12 46 584
12 47 476
12 48 402
12 49 443
12 50 549
12 51 580
12 52 302
12 53 678
12 54 367
12 55 399
12 56 398
12 57 471
12 58 512
12 59 439
12 60 387
12 61 387
12 62 316
12 63 338
12 64 335
12 65 376
12 66 335
12 67 393
12 68 460
12 69 463
12 70 464
12 71 410
12 72 368
12 73 220
13 14 10000
13 15 4652
13 16 5398
13 17 2298
13 18 3622
13 19 1957
13 20 1726
13 21 2591
13 22 1196
13 23 917
13 24 1237
13 25 803
13 26 887
13 27 1900
13 28 1264
13 29 377
13 30 564
13 31 328
13 32 330
13 33 690
13 34 1448
13 35 1686
13 36 1942
13 37 1428
13 38 1585
13 39 1032
13 40 1155
13 41 642
13 42 473
13 43 765
13 44 564
13 45 383
13 46 518
13 47 641
13 48 601
13 49 324
13 50 572
13 51 300
13 52 494
13 53 431
13 54 197
13 55 276
13 56 210
13 57 232
13 58 544
13 59 245
13 60 384
13 61 220
13 62 332
13 63 331
13 64 366
13 65 256
13 66 327
13 67 539
13 68 384
13 69 256
13 70 524
13 71 508
13 72 387
13 73 189
14 15 10000
14 16 10000
14 17 5165
14 18 2586
14 19 1924
14 20 1853
14 21 1334
14 22 1498
14 23 1216
14 24 1206
14 25 1051
14 26 1182
14 27 853
14 28 1341
14 29 856
14 30 853
14 31 776
14 32 1009
14 33 1112
14 34 894
14 35 829
14 36 772
14 37 812
14 38 423
14 39 297
14 40 422
14 41 648
14 42 601
14 43 361
14 44 509
14 45 636
14 46 508
14 47 313
14 48 282
14 49 527
14 50 370
14 51 592
14 52 202
14 53 606
14 54 570
14 55 415
14 56 449
14 57 418
14 58 368
14 59 485
14 60 363
14 61 359
14 62 212
14 63 207
14 64 261
14 65 391
14 66 379
14 67 260
14 68 423
14 69 454
14 70 307
14 71 400
14 72 366
14 73 353
15 16 10000
15 17 10000
15 18 4631
15 19 2848
15 20 2223
15 21 2129
15 22 2240
15 23 2429
15 24 2103
15 25 1903
15 26 1579
15 27 1541
15 28 2299
15 29 1618
15 30 1739
15 31 1426
15 32 1558
15 33 1459
15 34 1005
15 35 799
15 36 0
15 37 572
15 38 2
15 39 352
15 40 581
15 41 518
15 42 494
15 43 497
15 44 409
15 45 528
15 46 530
15 47 292
15 48 267
15 49 570
15 50 295
15 51 818
15 52 171
15 53 648
15 54 934
15 55 773
15 56 719
15 57 808
15 58 459
15 59 692
15 60 390
15 61 544
15 62 197
15 63 204
15 64 279
15 65 332
15 66 408
15 67 299
15 68 660
15 69 722
15 70 473
15 71 614
15 72 655
15 73 719
16 17 10000
16 18 6927
16 19 3528
16 20 2513
16 21 2850
16 22 1996
16 23 1990
16 24 2119
16 25 1548
16 26 1434
16 27 1229
16 28 1961
16 29 1236
16 30 1493
16 31 985
16 32 1186
16 33 1339
16 34 974
16 35 819
16 36 910
16 37 888
16 38 670
16 39 470
16 40 622
16 41 505
16 42 474
16 43 513
16 44 550
16 45 601
16 46 499
16 47 296
16 48 312
16 49 385
16 50 421
16 51 559
16 52 292
16 53 530
16 54 706
16 55 426
16 56 602
16 57 620
16 58 585
16 59 482
16 60 344
16 61 369
16 62 265
16 63 214
16 64 258
16 65 343
16 66 316
16 67 404
16 68 540
16 69 612
16 70 474
16 71 562
16 72 530
16 73 492
17 18 10000
17 19 3849
17 20 2946
17 21 2239
17 22 2386
17 23 1855
17 24 1917
17 25 1510
17 26 1315
17 27 976
17 28 1705
17 29 1209
17 30 1365
17 31 951
17 32 1187
17 33 1146
17 34 870
17 35 587
17 36 985
17 37 704
17 38 315
17 39 233
17 40 346
17 41 507
17 42 465
17 43 306
17 44 387
17 45 608
17 46 508
17 47 257
17 48 228
17 49 411
17 50 281
17 51 573
17 52 173
17 53 608
17 54 640
17 55 476
17 56 583
17 57 473
17 58 363
17 59 477
17 60 358
17 61 265
17 62 174
17 63 213
17 64 215
17 65 288
17 66 315
17 67 231
17 68 453
17 69 454
17 70 355
17 71 542
17 72 542
17 73 454
18 19 10000
18 20 7326
18 21 7314
18 22 3349
18 23 2320
18 24 2636
18 25 1600
18 26 1688
18 27 2667
18 28 1911
18 29 1025
18 30 916
18 31 780
18 32 967
18 33 1243
18 34 1319
18 35 1549
18 36 1554
18 37 1484
18 38 1109
18 39 905
18 40 956
18 41 670
18 42 585
18 43 694
18 44 593
18 45 664
18 46 575
18 47 619
18 48 485
18 49 471
18 50 516
18 51 461
18 52 414
18 53 508
18 54 386
18 55 339
18 56 340
18 57 397
18 58 651
18 59 370
18 60 358
18 61 300
18 62 314
18 63 296
18 64 345
18 65 383
18 66 384
18 67 562
18 68 465
18 69 424
18 70 594
18 71 634
18 72 557
18 73 355
19 20 10000
19 21 10000
19 22 7687
19 23 4680
19 24 3497
19 25 2129
19 26 2090
19 27 1952
19 28 2068
19 29 1054
19 30 1033
19 31 744
19 32 892
19 33 1247
19 34 1367
19 35 1273
19 36 1461
19 37 1047
19 38 668
19 39 534
19 40 592
19 41 555
19 42 637
19 43 513
19 44 511
19 45 581
19 46 468
19 47 415
19 48 340
19 49 532
19 50 394
19 51 444
19 52 284
19 53 529
19 54 369
19 55 360
19 56 359
19 57 413
19 58 456
19 59 454
19 60 329
19 61 277
19 62 223
19 63 269
19 64 288
19 65 360
19 66 354
19 67 371
19 68 449
19 69 413
19 70 433
19 71 472
19 72 437
19 73 339
20 21 10000
20 22 10000
20 23 6716
20 24 3874
20 25 2670
20 26 2496
20 27 2410
20 28 2379
20 29 815
20 30 980
20 31 538
20 32 604
20 33 911
20 34 866
20 35 1034
20 36 1261
20 37 970
20 38 651
20 39 438
20 40 498
20 41 670
20 42 493
20 43 609
20 44 664
20 45 544
20 46 555
20 47 509
20 48 423
20 49 492
20 50 523
20 51 475
20 52 303
20 53 522
20 54 330
20 55 295
20 56 337
20 57 447
20 58 561
20 59 384
20 60 366
20 61 246
20 62 300
20 63 303
20 64 327
20 65 357
20 66 393
20 67 463
20 68 486
20 69 429
20 70 517
20 71 555
20 72 407
20 73 292
21 22 10000
21 23 10000
21 24 6814
21 25 3455
21 26 3284
21 27 4087
21 28 2853
21 29 693
21 30 971
21 31 419
21 32 409
21 33 737
21 34 1211
21 35 1610
21 36 1823
21 37 1534
21 38 1438
21 39 844
21 40 1115
21 41 748
21 42 498
21 43 1012
21 44 769
21 45 341
21 46 680
21 47 759
21 48 654
21 49 360
21 50 679
21 51 357
21 52 460
21 53 481
21 54 223
21 55 288
21 56 245
21 57 374
21 58 778
21 59 334
21 60 453
21 61 251
21 62 399
21 63 366
21 64 444
21 65 374
21 66 469
21 67 704
21 68 599
21 69 385
21 70 768
21 71 838
21 72 529
21 73 212
22 23 10000
22 24 10000
22 25 4255
22 26 3192
22 27 2026
22 28 2180
22 29 1138
22 30 1095
22 31 867
22 32 747
22 33 944
22 34 936
22 35 806
22 36 662
22 37 660
22 38 470
22 39 303
22 40 329
22 41 630
22 42 569
22 43 462
22 44 490
22 45 566
22 46 507
22 47 313
22 48 314
22 49 452
22 50 396
22 51 486
22 52 224
22 53 549
22 54 364
22 55 379
22 56 470
22 57 483
22 58 472
22 59 401
22 60 337
22 61 336
22 62 222
22 63 239
22 64 247
22 65 324
22 66 393
22 67 375
22 68 484
22 69 533
22 70 405
22 71 488
22 72 447
22 73 325
23 24 10000
23 25 4013
23 26 2561
23 27 1506
23 28 1858
23 29 1176
23 30 1317
23 31 889
23 32 861
23 33 808
23 34 609
23 35 578
23 36 378
23 37 536
23 38 309
23 39 267
23 40 295
23 41 418
23 42 494
23 43 345
23 44 367
23 45 446
23 46 421
23 47 248
23 48 211
23 49 338
23 50 307
23 51 502
23 52 175
23 53 431
23 54 511
23 55 386
23 56 437
23 57 489
23 58 438
23 59 409
23 60 317
23 61 274
23 62 166
23 63 175
23 64 215
23 65 306
23 66 360
23 67 252
23 68 412
23 69 472
23 70 370
23 71 485
23 72 465
23 73 391
24 25 10000
24 26 5629
24 27 3558
24 28 2384
24 29 1683
24 30 1503
24 31 1204
24 32 1223
24 33 944
24 34 764
24 35 930
24 36 721
24 37 800
24 38 609
24 39 418
24 40 410
24 41 452
24 42 452
24 43 599
24 44 568
24 45 475
24 46 441
24 47 406
24 48 347
24 49 385
24 50 412
24 51 547
24 52 237
24 53 530
24 54 605
24 55 533
24 56 571
24 57 591
24 58 611
24 59 464
24 60 332
24 61 313
24 62 247
24 63 287
24 64 271
24 65 332
24 66 380
24 67 435
24 68 529
24 69 490
24 70 687
24 71 602
24 72 524
24 73 465
25 26 10000
25 27 2471
25 28 2754
25 29 2136
25 30 1653
25 31 1184
25 32 1338
25 33 1007
25 34 699
25 35 703
25 36 791
25 37 649
25 38 315
25 39 267
25 40 412
25 41 481
25 42 455
25 43 384
25 44 441
25 45 520
25 46 478
25 47 257
25 48 242
25 49 430
25 50 355
25 51 654
25 52 175
25 53 573
25 54 607
25 55 490
25 56 576
25 57 579
25 58 544
25 59 444
25 60 341
25 61 391
25 62 222
25 63 235
25 64 235
25 65 377
25 66 351
25 67 290
25 68 510
25 69 512
25 70 434
25 71 472
25 72 436
25 73 411
26 27 9999
26 28 5222
26 29 1856
26 30 1578
26 31 1226
26 32 1257
26 33 1469
26 34 1230
26 35 937
26 36 910
26 37 1025
26 38 650
26 39 514
26 40 501
26 41 670
26 42 718
26 43 723
26 44 794
26 45 837
26 46 714
26 47 484
26 48 460
26 49 633
26 50 631
26 51 739
26 52 320
26 53 751
26 54 553
26 55 397
26 56 494
26 57 531
26 58 616
26 59 565
26 60 441
26 61 472
26 62 328
26 63 388
26 64 366
26 65 465
26 66 451
26 67 469
26 68 568
26 69 506
26 70 467
26 71 499
26 72 409
26 73 301
27 28 10000
27 29 1160
27 30 1499
27 31 599
27 32 631
27 33 1318
27 34 2378
27 35 2937
27 36 3830
27 37 2776
27 38 2475
27 39 1743
27 40 1722
27 41 1117
27 42 643
27 43 1379
27 44 1156
27 45 608
27 46 911
27 47 1241
27 48 1000
27 49 457
27 50 1024
27 51 426
27 52 762
27 53 700
27 54 179
27 55 230
27 56 195
27 57 342
27 58 740
27 59 315
27 60 608
27 61 301
27 62 559
27 63 567
27 64 633
27 65 497
27 66 600
27 67 937
27 68 665
27 69 334
27 70 780
27 71 773
27 72 507
27 73 160
28 29 10000
28 30 10000
28 31 7282
28 32 3997
28 33 3246
28 34 2440
28 35 1963
28 36 2094
28 37 1437
28 38 987
28 39 674
28 40 683
28 41 898
28 42 943
28 43 1075
28 44 1136
28 45 1072
28 46 951
28 47 714
28 48 535
28 49 734
28 50 755
28 51 836
28 52 320
28 53 975
28 54 801
28 55 512
28 56 520
28 57 657
28 58 743
28 59 548
28 60 463
28 61 442
28 62 331
28 63 404
28 64 432
28 65 603
28 66 560
28 67 671
28 68 800
28 69 676
28 70 935
28 71 857
28 72 807
28 73 541
29 30 10000
29 31 10000
29 32 10000
29 33 4582
29 34 1383
29 35 1225
29 36 595
29 37 817
29 38 407
29 39 262
29 40 351
29 41 561
29 42 435
29 43 280
29 44 295
29 45 540
29 46 546
29 47 133
29 48 151
29 49 368
29 50 222
29 51 795
29 52 115
29 53 733
29 54 1094
29 55 605
29 56 672
29 57 734
29 58 368
29 59 511
29 60 343
29 61 304
29 62 129
29 63 115
29 64 158
29 65 269
29 66 382
29 67 157
29 68 499
29 69 566
29 70 321
29 71 660
29 72 857
29 73 857
30 31 10000
30 32 5906
30 33 2816
30 34 1436
30 35 1604
30 36 1643
30 37 1148
30 38 1002
30 39 429
30 40 398
30 41 587
30 42 613
30 43 355
30 44 495
30 45 553
30 46 544
30 47 266
30 48 303
30 49 381
30 50 330
30 51 717
30 52 183
30 53 588
30 54 873
30 55 767
30 56 649
30 57 647
30 58 721
30 59 424
30 60 373
30 61 357
30 62 252
30 63 221
30 64 254
30 65 348
30 66 349
30 67 291
30 68 582
30 69 694
30 70 403
30 71 709
30 72 1156
30 73 707
31 32 10000
31 33 5167
31 34 1666
31 35 1198
31 36 1061
31 37 701
31 38 561
31 39 280
31 40 342
31 41 539
31 42 489
31 43 208
31 44 216
31 45 554
31 46 396
31 47 127
31 48 117
31 49 339
31 50 176
31 51 791
31 52 96
31 53 505
31 54 1024
31 55 547
31 56 593
31 57 572
31 58 244
31 59 468
31 60 305
31 61 302
31 62 99
31 63 109
31 64 144
31 65 254
31 66 318
31 67 125
31 68 408
31 69 500
31 70 190
31 71 491
31 72 739
31 73 825
32 33 10000
32 34 9775
32 35 2232
32 36 1668
32 37 1760
32 38 999
32 39 387
32 40 543
32 41 956
32 42 953
32 43 277
32 44 440
32 45 1119
32 46 1063
32 47 204
32 48 204
32 49 645
32 50 221
32 51 1163
32 52 134
32 53 748
32 54 1302
32 55 562
32 56 664
32 57 736
32 58 298
32 59 708
32 60 374
32 61 449
32 62 127
32 63 155
32 64 163
32 65 363
32 66 410
32 67 148
32 68 565
32 69 502
32 70 191
32 71 491
32 72 798
32 73 831
33 34 10000
33 35 10000
33 36 5050
33 37 4071
33 38 2519
33 39 923
33 40 1149
33 41 1818
33 42 1218
33 43 611
33 44 807
33 45 1274
33 46 1239
33 47 508
33 48 417
33 49 885
33 50 537
33 51 953
33 52 342
33 53 1063
33 54 1060
33 55 414
33 56 484
33 57 535
33 58 435
33 59 623
33 60 561
33 61 546
33 62 255
33 63 354
33 64 331
33 65 585
33 66 482
33 67 314
33 68 575
33 69 532
33 70 296
33 71 562
33 72 597
33 73 640
34 35 10000
34 36 10000
34 37 10000
34 38 7219
34 39 2754
34 40 3592
34 41 1704
34 42 1271
34 43 1231
34 44 884
34 45 829
34 46 1050
34 47 873
34 48 751
34 49 817
34 50 714
34 51 636
34 52 746
34 53 876
34 54 285
34 55 341
34 56 188
34 57 286
34 58 491
34 59 405
34 60 520
34 61 407
34 62 458
34 63 439
34 64 503
34 65 539
34 66 398
34 67 532
34 68 536
34 69 351
34 70 400
34 71 504
34 72 465
34 73 285
35 36 10000
35 37 10000
35 38 10000
35 39 6366
35 40 8063
35 41 1656
35 42 994
35 43 1696
35 44 983
35 45 799
35 46 1201
35 47 1528
35 48 1403
35 49 926
35 50 1166
35 51 537
35 52 1338
35 53 578
35 54 287
35 55 323
35 56 223
35 57 233
35 58 471
35 59 377
35 60 657
35 61 438
35 62 607
35 63 551
35 64 834
35 65 500
35 66 384
35 67 796
35 68 409
35 69 288
35 70 390
35 71 534
35 72 409
35 73 227
36 37 10000
36 38 10000
36 39 9460
36 40 7356
36 41 2445
36 42 1498
36 43 2202
36 44 1224
36 45 503
36 46 1345
36 47 2047
36 48 1855
36 49 966
36 50 1536
36 51 545
36 52 1987
36 53 527
36 54 136
36 55 119
36 56 0
36 57 0
36 58 529
36 59 118
36 60 798
36 61 247
36 62 844
36 63 722
36 64 1059
36 65 226
36 66 326
36 67 863
36 68 527
36 69 0
36 70 635
36 71 646
36 72 450
36 73 0
37 38 10000
37 39 6246
37 40 6477
37 41 1974
37 42 1150
37 43 1483
37 44 1048
37 45 749
37 46 1164
37 47 1548
37 48 1405
37 49 840
37 50 1137
37 51 609
37 52 1154
37 53 730
37 54 239
37 55 242
37 56 166
37 57 258
37 58 537
37 59 395
37 60 659
37 61 522
37 62 685
37 63 588
37 64 729
37 65 491
37 66 499
37 67 759
37 68 488
37 69 251
37 70 456
37 71 508
37 72 423
37 73 147
38 39 10000
38 40 10000
38 41 1769
38 42 753
38 43 1713
38 44 915
38 45 558
38 46 1113
38 47 1828
38 48 1409
38 49 447
38 50 1340
38 51 424
38 52 1724
38 53 373
38 54 168
38 55 178
38 56 170
38 57 207
38 58 508
38 59 340
38 60 606
38 61 350
38 62 694
38 63 537
38 64 875
38 65 402
38 66 374
38 67 910
38 68 301
38 69 165
38 70 669
38 71 595
38 72 447
38 73 162
39 40 10000
39 41 1995
39 42 884
39 43 1753
39 44 998
39 45 547
39 46 861
39 47 2049
39 48 1747
39 49 485
39 50 1551
39 51 384
39 52 1975
39 53 428
39 54 138
39 55 201
39 56 128
39 57 167
39 58 738
39 59 201
39 60 803
39 61 302
39 62 726
39 63 658
39 64 1000
39 65 391
39 66 483
39 67 1005
39 68 391
39 69 169
39 70 453
39 71 496
39 72 399
39 73 121
40 41 4193
40 42 2169
40 43 3199
40 44 2070
40 45 987
40 46 1801
40 47 2490
40 48 2034
40 49 676
40 50 1778
40 51 649
40 52 2136
40 53 768
40 54 255
40 55 348
40 56 172
40 57 250
40 58 899
40 59 467
40 60 939
40 61 359
40 62 808
40 63 666
40 64 1147
40 65 601
40 66 428
40 67 1280
40 68 608
40 69 271
40 70 702
40 71 660
40 72 560
40 73 221
41 42 10000
41 43 10000
41 44 6091
41 45 3984
41 46 3596
41 47 3603
41 48 2478
41 49 2692
41 50 2168
41 51 1725
41 52 1740
41 53 1608
41 54 950
41 55 588
41 56 693
41 57 753
41 58 981
41 59 1021
41 60 1030
41 61 1115
41 62 994
41 63 1104
41 64 1089
41 65 1094
41 66 986
41 67 1203
41 68 915
41 69 640
41 70 717
41 71 695
41 72 527
41 73 475
42 43 10000
42 44 10000
42 45 7068
42 46 4935
42 47 2771
42 48 1909
42 49 2994
42 50 2094
42 51 1955
42 52 943
42 53 1703
42 54 1081
42 55 594
42 56 668
42 57 885
42 58 918
42 59 1048
42 60 1034
42 61 1218
42 62 723
42 63 897
42 64 967
42 65 1432
42 66 1071
42 67 840
42 68 976
42 69 850
42 70 659
42 71 636
42 72 523
42 73 456
43 44 10000
43 45 9045
43 46 9374
43 47 8201
43 48 4179
43 49 1845
43 50 3295
43 51 1379
43 52 1743
43 53 1910
43 54 450
43 55 447
43 56 389
43 57 782
43 58 1952
43 59 658
43 60 1175
43 61 678
43 62 1315
43 63 1337
43 64 1411
43 65 1047
43 66 1438
43 67 1827
43 68 1238
43 69 587
43 70 1191
43 71 1139
43 72 748
43 73 267
44 45 10000
44 46 10000
44 47 9983
44 48 3760
44 49 2641
44 50 3480
44 51 1960
44 52 1275
44 53 2372
44 54 778
44 55 494
44 56 554
44 57 1025
44 58 1279
44 59 848
44 60 984
44 61 848
44 62 1032
44 63 1394
44 64 1276
44 65 1367
44 66 1537
44 67 1612
44 68 1428
44 69 803
44 70 1167
44 71 1114
44 72 702
44 73 363
45 46 10000
45 47 6373
45 48 2758
45 49 5798
45 50 2839
45 51 2813
45 52 818
45 53 2316
45 54 1138
45 55 694
45 56 1033
45 57 1109
45 58 951
45 59 1304
45 60 1215
45 61 1432
45 62 674
45 63 976
45 64 956
45 65 1605
45 66 1548
45 67 898
45 68 1365
45 69 964
45 70 751
45 71 862
45 72 702
45 73 610
46 47 10000
46 48 6469
46 49 5460
46 50 4233
46 51 2678
46 52 1399
46 53 2171
46 54 1113
46 55 622
46 56 705
46 57 1140
46 58 1256
46 59 1091
46 60 1065
46 61 961
46 62 992
46 63 1349
46 64 1276
46 65 1407
46 66 1454
46 67 1319
46 68 1354
46 69 908
46 70 864
46 71 881
46 72 682
46 73 544
47 48 10000
47 49 5685
47 50 6781
47 51 1497
47 52 2616
47 53 1497
47 54 372
47 55 344
47 56 290
47 57 513
47 58 1298
47 59 569
47 60 1314
47 61 767
47 62 1621
47 63 1586
47 64 1596
47 65 935
47 66 1338
47 67 1838
47 68 1039
47 69 423
47 70 942
47 71 982
47 72 567
47 73 198
48 49 10000
48 50 9829
48 51 1662
48 52 2655
48 53 1336
48 54 349
48 55 348
48 56 335
48 57 550
48 58 1414
48 59 668
48 60 1269
48 61 820
48 62 1557
48 63 1408
48 64 1464
48 65 872
48 66 999
48 67 1600
48 68 817
48 69 418
48 70 719
48 71 759
48 72 480
48 73 193
49 50 10000
49 51 4052
49 52 1344
49 53 1961
49 54 1081
49 55 603
49 56 784
49 57 1035
49 58 897
49 59 1105
49 60 1373
49 61 1600
49 62 971
49 63 1127
49 64 1103
49 65 1683
49 66 1318
49 67 894
49 68 1177
49 69 687
49 70 523
49 71 633
49 72 436
49 73 487
50 51 4038
50 52 2906
50 53 2262
50 54 557
50 55 511
50 56 498
50 57 845
50 58 1356
50 59 989
50 60 1298
50 61 1203
50 62 1538
50 63 1703
50 64 1659
50 65 1509
50 66 1606
50 67 1925
50 68 1295
50 69 649
50 70 1103
50 71 1033
50 72 593
50 73 286
51 52 2470
51 53 3104
51 54 2734
51 55 1218
51 56 1510
51 57 1632
51 58 1324
51 59 1795
51 60 1649
51 61 1649
51 62 1011
51 63 1364
51 64 1139
51 65 1618
51 66 1838
51 67 941
51 68 1406
51 69 1212
51 70 748
51 71 860
51 72 861
51 73 858
52 53 3000
52 54 646
52 55 603
52 56 496
52 57 698
52 58 1869
52 59 783
52 60 1933
52 61 1092
52 62 2085
52 63 1911
52 64 1869
52 65 999
52 66 1123
52 67 1731
52 68 759
52 69 364
52 70 636
52 71 668
52 72 429
52 73 201
53 54 10000
53 55 3099
53 56 3300
53 57 3797
53 58 2711
53 59 3117
53 60 2488
53 61 2297
53 62 1498
53 63 2130
53 64 1765
53 65 2297
53 66 2247
53 67 1653
53 68 1838
53 69 1444
53 70 1236
53 71 1152
53 72 943
53 73 788
54 55 10000
54 56 6819
54 57 4203
54 58 1768
54 59 2497
54 60 1580
54 61 1640
54 62 460
54 63 530
54 64 553
54 65 1166
54 66 1464
54 67 444
54 68 1396
54 69 1280
54 70 607
54 71 1049
54 72 1384
54 73 1303
55 56 10000
55 57 6749
55 58 3219
55 59 2538
55 60 1412
55 61 1062
55 62 527
55 63 553
55 64 557
55 65 895
55 66 884
55 67 553
55 68 940
55 69 933
55 70 664
55 71 759
55 72 887
55 73 836
56 57 10000
56 58 6507
56 59 5037
56 60 2195
56 61 1427
56 62 571
56 63 584
56 64 596
56 65 1027
56 66 1186
56 67 506
56 68 1104
56 69 1066
56 70 519
56 71 829
56 72 917
56 73 824
57 58 10000
57 59 10000
57 60 3639
57 61 2026
57 62 1061
57 63 1221
57 64 1033
57 65 1566
57 66 1455
57 67 1014
57 68 1479
57 69 1162
57 70 951
57 71 1104
57 72 1106
57 73 914
58 59 10000
58 60 7135
58 61 2202
58 62 2520
58 63 2627
58 64 1875
58 65 1620
58 66 1562
58 67 2067
58 68 1787
58 69 987
58 70 1426
58 71 1425
58 72 1133
58 73 576
59 60 10000
59 61 3373
59 62 1459
59 63 1602
59 64 1195
59 65 1812
59 66 1809
59 67 992
59 68 1388
59 69 1042
59 70 716
59 71 926
59 72 750
59 73 731
60 61 10000
60 62 4670
60 63 3164
60 64 2232
60 65 2232
60 66 2004
60 67 1921
60 68 1351
60 69 1006
60 70 971
60 71 960
60 72 660
60 73 596
61 62 10000
61 63 5346
61 64 2490
61 65 3176
61 66 2552
61 67 1312
61 68 1550
61 69 1008
61 70 700
61 71 770
61 72 690
61 73 595
62 63 10000
62 64 5808
62 65 2846
62 66 2539
62 67 2871
62 68 1428
62 69 702
62 70 1121
62 71 1046
62 72 592
62 73 353
63 64 10000
63 65 4012
63 66 3563
63 67 3327
63 68 2251
63 69 873
63 70 1263
63 71 1220
63 72 764
63 73 373
64 65 10000
64 66 6459
64 67 5056
64 68 2433
64 69 1051
64 70 1463
64 71 1459
64 72 869
64 73 479
65 66 10000
65 67 7097
65 68 4429
65 69 1860
65 70 1920
65 71 1703
65 72 1247
65 73 927
66 67 10000
66 68 5192
66 69 2369
66 70 2890
66 71 2263
66 72 1329
66 73 927
67 68 10000
67 69 2531
67 70 4745
67 71 4536
67 72 2004
67 73 594
68 69 10000
68 70 7805
68 71 5254
68 72 3049
68 73 1675
69 70 10000
69 71 9958
69 72 4332
69 73 2445
70 71 10000
70 72 8763
70 73 1926
71 72 10000
71 73 5034
72 73 10000
