0	1	207
0	2	204
0	3	1
0	4	0
0	5	0
0	6	0
0	7	0
0	8	0
0	9	0
0	10	0
0	11	0
0	12	0
0	13	0
0	14	0
0	15	0
0	16	0
0	17	27
0	18	117
0	19	93
0	20	115
0	21	93
0	22	12
0	23	1
0	24	3
0	25	103
0	26	91
0	27	0
0	28	0
0	29	0
0	30	0
0	31	1
0	32	0
0	33	0
0	34	0
0	35	0
0	36	1
0	37	0
0	38	0
0	39	1
0	40	1
0	41	0
0	42	0
0	43	0
0	44	0
0	45	0
0	46	1
0	47	1
0	48	0
0	49	17
0	50	0
0	51	0
0	52	0
0	53	0
0	54	2
0	55	95
1	2	177
1	3	171
1	4	0
1	5	0
1	6	0
1	7	0
1	8	0
1	9	0
1	10	0
1	11	0
1	12	0
1	13	0
1	14	0
1	15	1
1	16	94
1	17	96
1	18	108
1	19	104
1	20	5
1	21	3
1	22	6
1	23	88
1	24	102
1	25	97
1	26	95
1	27	1
1	28	0
1	29	1
1	30	0
1	31	0
1	32	0
1	33	0
1	34	0
1	35	0
1	36	0
1	37	3
1	38	4
1	39	0
1	40	2
1	41	0
1	42	0
1	43	0
1	44	1
1	45	0
1	46	0
1	47	0
1	48	1
1	49	93
1	50	1
1	51	0
1	52	0
1	53	1
1	54	7
1	55	103
2	3	181
2	4	181
2	5	0
2	6	0
2	7	0
2	8	0
2	9	0
2	10	0
2	11	0
2	12	0
2	13	0
2	14	2
2	15	21
2	16	96
2	17	122
2	18	98
2	19	82
2	20	2
2	21	5
2	22	69
2	23	103
2	24	100
2	25	181
2	26	93
2	27	2
2	28	0
2	29	1
2	30	0
2	31	0
2	32	0
2	33	0
2	34	0
2	35	1
2	36	0
2	37	0
2	38	0
2	39	1
2	40	2
2	41	0
2	42	0
2	43	0
2	44	3
2	45	1
2	46	3
2	47	0
2	48	11
2	49	100
2	50	87
2	51	71
2	52	2
2	53	112
2	54	101
2	55	113
3	4	196
3	5	237
3	6	5
3	7	1
3	8	1
3	9	0
3	10	0
3	11	0
3	12	0
3	13	0
3	14	80
3	15	103
3	16	101
3	17	86
3	18	3
3	19	2
3	20	94
3	21	109
3	22	120
3	23	88
3	24	88
3	25	6
3	26	1
3	27	0
3	28	0
3	29	4
3	30	0
3	31	0
3	32	1
3	33	0
3	34	0
3	35	0
3	36	0
3	37	0
3	38	1
3	39	2
3	40	1
3	41	0
3	42	0
3	43	0
3	44	1
3	45	0
3	46	1
3	47	0
3	48	12
3	49	100
3	50	106
3	51	92
3	52	45
3	53	110
3	54	89
3	55	111
4	5	190
4	6	209
4	7	96
4	8	3
4	9	1
4	10	0
4	11	1
4	12	1
4	13	31
4	14	104
4	15	106
4	16	99
4	17	43
4	18	81
4	19	83
4	20	105
4	21	90
4	22	104
4	23	107
4	24	28
4	25	4
4	26	5
4	27	0
4	28	2
4	29	110
4	30	0
4	31	0
4	32	1
4	33	1
4	34	0
4	35	0
4	36	0
4	37	0
4	38	0
4	39	1
4	40	1
4	41	0
4	42	0
4	43	1
4	44	3
4	45	0
4	46	0
4	47	0
4	48	0
4	49	4
4	50	96
4	51	119
4	52	215
4	53	159
4	54	85
4	55	3
5	6	193
5	7	179
5	8	1
5	9	1
5	10	0
5	11	0
5	12	79
5	13	96
5	14	111
5	15	106
5	16	5
5	17	0
5	18	0
5	19	24
5	20	99
5	21	93
5	22	11
5	23	0
5	24	0
5	25	0
5	26	0
5	27	0
5	28	0
5	29	0
5	30	1
5	31	0
5	32	1
5	33	1
5	34	0
5	35	0
5	36	0
5	37	0
5	38	0
5	39	2
5	40	2
5	41	1
5	42	0
5	43	0
5	44	0
5	45	0
5	46	0
5	47	0
5	48	1
5	49	0
5	50	88
5	51	106
5	52	192
5	53	186
5	54	92
5	55	1
6	7	193
6	8	193
6	9	4
6	10	0
6	11	84
6	12	94
6	13	96
6	14	105
6	15	19
6	16	1
6	17	0
6	18	27
6	19	94
6	20	103
6	21	80
6	22	1
6	23	0
6	24	1
6	25	0
6	26	2
6	27	0
6	28	0
6	29	1
6	30	0
6	31	0
6	32	0
6	33	44
6	34	0
6	35	0
6	36	0
6	37	0
6	38	15
6	39	0
6	40	2
6	41	1
6	42	3
6	43	0
6	44	0
6	45	1
6	46	0
6	47	0
6	48	0
6	49	1
6	50	2
6	51	13
6	52	226
6	53	144
6	54	90
6	55	6
7	8	178
7	9	169
7	10	16
7	11	93
7	12	104
7	13	94
7	14	1
7	15	0
7	16	0
7	17	89
7	18	97
7	19	110
7	20	87
7	21	6
7	22	5
7	23	0
7	24	0
7	25	0
7	26	0
7	27	0
7	28	0
7	29	0
7	30	0
7	31	0
7	32	0
7	33	1
7	34	0
7	35	0
7	36	1
7	37	0
7	38	5
7	39	1
7	40	11
7	41	1
7	42	2
7	43	0
7	44	0
7	45	0
7	46	0
7	47	0
7	48	0
7	49	1
7	50	1
7	51	0
7	52	80
7	53	88
7	54	93
7	55	102
8	9	195
8	10	221
8	11	101
8	12	99
8	13	5
8	14	0
8	15	2
8	16	53
8	17	123
8	18	101
8	19	91
8	20	45
8	21	0
8	22	0
8	23	0
8	24	0
8	25	0
8	26	0
8	27	0
8	28	0
8	29	0
8	30	0
8	31	0
8	32	1
8	33	0
8	34	1
8	35	0
8	36	3
8	37	4
8	38	113
8	39	76
8	40	97
8	41	0
8	42	2
8	43	1
8	44	0
8	45	0
8	46	0
8	47	0
8	48	11
8	49	4
8	50	0
8	51	0
8	52	21
8	53	96
8	54	87
8	55	100
9	10	197
9	11	190
9	12	91
9	13	0
9	14	0
9	15	6
9	16	90
9	17	114
9	18	91
9	19	15
9	20	1
9	21	0
9	22	0
9	23	0
9	24	0
9	25	0
9	26	0
9	27	0
9	28	0
9	29	0
9	30	0
9	31	0
9	32	0
9	33	0
9	34	0
9	35	0
9	36	0
9	37	1
9	38	36
9	39	3
9	40	1
9	41	0
9	42	0
9	43	0
9	44	0
9	45	0
9	46	0
9	47	0
9	48	2
9	49	0
9	50	0
9	51	0
9	52	0
9	53	2
9	54	21
9	55	106
10	11	215
10	12	216
10	13	80
10	14	59
10	15	96
10	16	97
10	17	100
10	18	31
10	19	1
10	20	0
10	21	0
10	22	0
10	23	0
10	24	0
10	25	0
10	26	0
10	27	0
10	28	0
10	29	0
10	30	0
10	31	0
10	32	0
10	33	1
10	34	0
10	35	0
10	36	2
10	37	9
10	38	25
10	39	0
10	40	0
10	41	0
10	42	1
10	43	0
10	44	0
10	45	0
10	46	4
10	47	7
10	48	10
10	49	2
10	50	0
10	51	0
10	52	1
10	53	0
10	54	1
10	55	0
11	12	214
11	13	201
11	14	45
11	15	95
11	16	21
11	17	8
11	18	0
11	19	0
11	20	0
11	21	0
11	22	0
11	23	0
11	24	0
11	25	0
11	26	0
11	27	0
11	28	0
11	29	0
11	30	0
11	31	0
11	32	0
11	33	3
11	34	0
11	35	1
11	36	51
11	37	18
11	38	78
11	39	1
11	40	0
11	41	0
11	42	0
11	43	0
11	44	0
11	45	0
11	46	1
11	47	0
11	48	0
11	49	0
11	50	1
11	51	0
11	52	0
11	53	0
11	54	1
11	55	2
12	13	184
12	14	175
12	15	91
12	16	12
12	17	1
12	18	0
12	19	0
12	20	0
12	21	0
12	22	0
12	23	0
12	24	0
12	25	0
12	26	0
12	27	0
12	28	0
12	29	0
12	30	0
12	31	0
12	32	1
12	33	1
12	34	0
12	35	0
12	36	0
12	37	0
12	38	2
12	39	0
12	40	1
12	41	0
12	42	0
12	43	0
12	44	1
12	45	0
12	46	1
12	47	1
12	48	1
12	49	0
12	50	0
12	51	0
12	52	0
12	53	1
12	54	0
12	55	0
13	14	225
13	15	211
13	16	87
13	17	0
13	18	1
13	19	0
13	20	0
13	21	0
13	22	0
13	23	0
13	24	0
13	25	0
13	26	0
13	27	0
13	28	0
13	29	0
13	30	0
13	31	1
13	32	0
13	33	0
13	34	1
13	35	1
13	36	0
13	37	1
13	38	0
13	39	0
13	40	0
13	41	0
13	42	0
13	43	0
13	44	1
13	45	0
13	46	28
13	47	2
13	48	0
13	49	0
13	50	0
13	51	1
13	52	0
13	53	0
13	54	0
13	55	1
14	15	200
14	16	199
14	17	2
14	18	0
14	19	0
14	20	0
14	21	0
14	22	0
14	23	0
14	24	0
14	25	0
14	26	0
14	27	0
14	28	0
14	29	0
14	30	0
14	31	0
14	32	1
14	33	0
14	34	1
14	35	0
14	36	1
14	37	1
14	38	0
14	39	0
14	40	0
14	41	0
14	42	0
14	43	0
14	44	0
14	45	4
14	46	106
14	47	93
14	48	3
14	49	0
14	50	0
14	51	2
14	52	5
14	53	2
14	54	1
14	55	0
15	16	188
15	17	203
15	18	2
15	19	0
15	20	0
15	21	0
15	22	0
15	23	0
15	24	0
15	25	0
15	26	0
15	27	0
15	28	0
15	29	3
15	30	0
15	31	0
15	32	0
15	33	0
15	34	10
15	35	0
15	36	8
15	37	3
15	38	0
15	39	0
15	40	0
15	41	0
15	42	0
15	43	0
15	44	1
15	45	8
15	46	90
15	47	106
15	48	116
15	49	12
15	50	0
15	51	1
15	52	0
15	53	0
15	54	1
15	55	0
16	17	187
16	18	174
16	19	1
16	20	0
16	21	0
16	22	0
16	23	1
16	24	0
16	25	2
16	26	1
16	27	0
16	28	1
16	29	1
16	30	0
16	31	0
16	32	1
16	33	0
16	34	0
16	35	2
16	36	1
16	37	10
16	38	2
16	39	4
16	40	0
16	41	1
16	42	0
16	43	0
16	44	67
16	45	80
16	46	114
16	47	90
16	48	89
16	49	3
16	50	5
16	51	0
16	52	0
16	53	0
16	54	0
16	55	0
17	18	182
17	19	173
17	20	1
17	21	1
17	22	1
17	23	1
17	24	3
17	25	103
17	26	1
17	27	0
17	28	34
17	29	57
17	30	0
17	31	0
17	32	3
17	33	0
17	34	0
17	35	1
17	36	0
17	37	1
17	38	0
17	39	0
17	40	0
17	41	0
17	42	3
17	43	0
17	44	3
17	45	0
17	46	6
17	47	1
17	48	45
17	49	1
17	50	0
17	51	1
17	52	2
17	53	0
17	54	0
17	55	0
18	19	190
18	20	191
18	21	8
18	22	81
18	23	2
18	24	6
18	25	112
18	26	0
18	27	0
18	28	4
18	29	1
18	30	0
18	31	0
18	32	0
18	33	0
18	34	1
18	35	1
18	36	0
18	37	0
18	38	0
18	39	26
18	40	0
18	41	2
18	42	3
18	43	0
18	44	0
18	45	0
18	46	0
18	47	1
18	48	9
18	49	1
18	50	1
18	51	0
18	52	2
18	53	1
18	54	0
18	55	0
19	20	200
19	21	205
19	22	212
19	23	7
19	24	95
19	25	114
19	26	3
19	27	1
19	28	5
19	29	0
19	30	0
19	31	0
19	32	0
19	33	0
19	34	0
19	35	0
19	36	0
19	37	1
19	38	0
19	39	1
19	40	0
19	41	1
19	42	1
19	43	0
19	44	0
19	45	0
19	46	0
19	47	0
19	48	0
19	49	1
19	50	1
19	51	0
19	52	1
19	53	1
19	54	0
19	55	0
20	21	198
20	22	198
20	23	26
20	24	91
20	25	76
20	26	0
20	27	1
20	28	0
20	29	0
20	30	0
20	31	0
20	32	0
20	33	0
20	34	0
20	35	0
20	36	0
20	37	1
20	38	0
20	39	0
20	40	0
20	41	0
20	42	0
20	43	0
20	44	0
20	45	0
20	46	0
20	47	0
20	48	0
20	49	0
20	50	0
20	51	0
20	52	2
20	53	6
20	54	1
20	55	0
21	22	176
21	23	209
21	24	90
21	25	113
21	26	3
21	27	0
21	28	1
21	29	0
21	30	0
21	31	0
21	32	0
21	33	0
21	34	0
21	35	0
21	36	0
21	37	0
21	38	1
21	39	0
21	40	1
21	41	0
21	42	0
21	43	1
21	44	1
21	45	0
21	46	1
21	47	1
21	48	1
21	49	1
21	50	0
21	51	0
21	52	0
21	53	1
21	54	1
21	55	0
22	23	198
22	24	199
22	25	88
22	26	92
22	27	9
22	28	2
22	29	0
22	30	0
22	31	0
22	32	0
22	33	0
22	34	0
22	35	0
22	36	0
22	37	0
22	38	0
22	39	111
22	40	90
22	41	106
22	42	1
22	43	0
22	44	9
22	45	0
22	46	35
22	47	0
22	48	1
22	49	65
22	50	2
22	51	1
22	52	0
22	53	3
22	54	0
22	55	0
23	24	199
23	25	185
23	26	93
23	27	101
23	28	5
23	29	0
23	30	0
23	31	0
23	32	0
23	33	0
23	34	0
23	35	0
23	36	0
23	37	1
23	38	10
23	39	104
23	40	90
23	41	108
23	42	2
23	43	1
23	44	1
23	45	1
23	46	0
23	47	0
23	48	0
23	49	4
23	50	0
23	51	0
23	52	0
23	53	6
23	54	3
23	55	0
24	25	201
24	26	204
24	27	104
24	28	98
24	29	8
24	30	3
24	31	0
24	32	1
24	33	0
24	34	2
24	35	0
24	36	0
24	37	94
24	38	100
24	39	109
24	40	108
24	41	53
24	42	1
24	43	1
24	44	0
24	45	2
24	46	1
24	47	1
24	48	1
24	49	0
24	50	1
24	51	0
24	52	0
24	53	5
24	54	1
24	55	2
25	26	189
25	27	221
25	28	82
25	29	97
25	30	18
25	31	2
25	32	0
25	33	0
25	34	0
25	35	0
25	36	7
25	37	112
25	38	92
25	39	92
25	40	92
25	41	2
25	42	0
25	43	1
25	44	0
25	45	3
25	46	1
25	47	2
25	48	0
25	49	0
25	50	2
25	51	6
25	52	0
25	53	2
25	54	1
25	55	0
26	27	176
26	28	181
26	29	225
26	30	94
26	31	18
26	32	3
26	33	0
26	34	0
26	35	99
26	36	102
26	37	87
26	38	99
26	39	4
26	40	1
26	41	1
26	42	2
26	43	2
26	44	10
26	45	2
26	46	3
26	47	1
26	48	3
26	49	0
26	50	2
26	51	84
26	52	1
26	53	0
26	54	1
26	55	0
27	28	219
27	29	185
27	30	101
27	31	108
27	32	10
27	33	2
27	34	1
27	35	89
27	36	103
27	37	110
27	38	78
27	39	1
27	40	0
27	41	0
27	42	0
27	43	1
27	44	2
27	45	2
27	46	3
27	47	0
27	48	0
27	49	0
27	50	1
27	51	0
27	52	0
27	53	0
27	54	0
27	55	0
28	29	200
28	30	188
28	31	182
28	32	108
28	33	5
28	34	3
28	35	87
28	36	84
28	37	93
28	38	1
28	39	0
28	40	0
28	41	0
28	42	0
28	43	0
28	44	0
28	45	0
28	46	1
28	47	4
28	48	0
28	49	0
28	50	0
28	51	0
28	52	0
28	53	0
28	54	0
28	55	0
29	30	196
29	31	199
29	32	199
29	33	190
29	34	127
29	35	99
29	36	106
29	37	6
29	38	0
29	39	1
29	40	0
29	41	0
29	42	0
29	43	1
29	44	0
29	45	0
29	46	1
29	47	3
29	48	0
29	49	1
29	50	13
29	51	21
29	52	0
29	53	4
29	54	0
29	55	0
30	31	206
30	32	222
30	33	167
30	34	117
30	35	99
30	36	0
30	37	0
30	38	7
30	39	4
30	40	0
30	41	1
30	42	4
30	43	0
30	44	1
30	45	0
30	46	0
30	47	0
30	48	1
30	49	0
30	50	1
30	51	1
30	52	0
30	53	9
30	54	0
30	55	1
31	32	208
31	33	194
31	34	214
31	35	197
31	36	16
31	37	0
31	38	9
31	39	0
31	40	0
31	41	0
31	42	0
31	43	0
31	44	0
31	45	0
31	46	0
31	47	2
31	48	0
31	49	0
31	50	1
31	51	0
31	52	1
31	53	1
31	54	1
31	55	0
32	33	200
32	34	226
32	35	211
32	36	99
32	37	5
32	38	9
32	39	0
32	40	0
32	41	0
32	42	0
32	43	0
32	44	0
32	45	0
32	46	0
32	47	1
32	48	0
32	49	2
32	50	1
32	51	0
32	52	0
32	53	0
32	54	0
32	55	1
33	34	205
33	35	198
33	36	110
33	37	110
33	38	99
33	39	97
33	40	5
33	41	0
33	42	0
33	43	0
33	44	2
33	45	0
33	46	0
33	47	1
33	48	7
33	49	94
33	50	89
33	51	58
33	52	1
33	53	30
33	54	1
33	55	0
34	35	184
34	36	189
34	37	121
34	38	101
34	39	92
34	40	1
34	41	0
34	42	0
34	43	0
34	44	0
34	45	0
34	46	1
34	47	98
34	48	99
34	49	106
34	50	93
34	51	6
34	52	1
34	53	3
34	54	0
34	55	0
35	36	211
35	37	187
35	38	116
35	39	2
35	40	0
35	41	0
35	42	0
35	43	0
35	44	0
35	45	1
35	46	51
35	47	106
35	48	102
35	49	98
35	50	103
35	51	3
35	52	2
35	53	1
35	54	0
35	55	1
36	37	189
36	38	189
36	39	3
36	40	0
36	41	0
36	42	0
36	43	0
36	44	0
36	45	98
36	46	95
36	47	109
36	48	104
36	49	5
36	50	1
36	51	0
36	52	0
36	53	1
36	54	0
36	55	0
37	38	185
37	39	192
37	40	6
37	41	0
37	42	0
37	43	1
37	44	19
37	45	111
37	46	88
37	47	103
37	48	104
37	49	3
37	50	0
37	51	0
37	52	0
37	53	0
37	54	1
37	55	3
38	39	219
38	40	208
38	41	9
38	42	26
38	43	89
38	44	94
38	45	98
38	46	93
38	47	7
38	48	2
38	49	1
38	50	0
38	51	0
38	52	1
38	53	38
38	54	18
38	55	99
39	40	191
39	41	182
39	42	112
39	43	77
39	44	98
39	45	122
39	46	9
39	47	1
39	48	1
39	49	0
39	50	1
39	51	0
39	52	1
39	53	82
39	54	70
39	55	98
40	41	186
40	42	200
40	43	91
40	44	37
40	45	0
40	46	0
40	47	1
40	48	0
40	49	0
40	50	0
40	51	0
40	52	3
40	53	87
40	54	112
40	55	107
41	42	200
41	43	209
41	44	47
41	45	1
41	46	0
41	47	0
41	48	1
41	49	0
41	50	0
41	51	0
41	52	68
41	53	101
41	54	89
41	55	109
42	43	208
42	44	186
42	45	1
42	46	0
42	47	0
42	48	1
42	49	0
42	50	1
42	51	97
42	52	85
42	53	119
42	54	111
42	55	1
43	44	195
43	45	190
43	46	2
43	47	0
43	48	2
43	49	0
43	50	31
43	51	89
43	52	96
43	53	90
43	54	3
43	55	1
44	45	203
44	46	194
44	47	7
44	48	9
44	49	82
44	50	112
44	51	96
44	52	106
44	53	3
44	54	0
44	55	0
45	46	201
45	47	188
45	48	105
45	49	95
45	50	109
45	51	88
45	52	7
45	53	1
45	54	0
45	55	0
46	47	204
46	48	188
46	49	105
46	50	102
46	51	10
46	52	0
46	53	0
46	54	0
46	55	0
47	48	186
47	49	199
47	50	86
47	51	0
47	52	0
47	53	1
47	54	0
47	55	0
48	49	192
48	50	190
48	51	11
48	52	69
48	53	13
48	54	0
48	55	1
49	50	190
49	51	195
49	52	90
49	53	90
49	54	1
49	55	0
50	51	193
50	52	184
50	53	96
50	54	24
50	55	0
51	52	184
51	53	205
51	54	82
51	55	1
52	53	198
52	54	206
52	55	3
53	54	197
53	55	212
54	55	164
