0	1	2005
0	2	1946
0	3	0
0	4	0
0	5	0
0	6	0
0	7	0
0	8	0
0	9	0
0	10	0
0	11	0
0	12	0
0	13	0
0	14	0
0	15	0
0	16	0
0	17	0
0	18	984
0	19	1017
0	20	1018
0	21	856
0	22	0
0	23	0
0	24	0
0	25	931
0	26	66
0	27	0
0	28	0
0	29	0
0	30	0
0	31	0
0	32	0
0	33	0
0	34	0
0	35	0
0	36	0
0	37	0
0	38	0
0	39	0
0	40	0
0	41	0
0	42	0
0	43	0
0	44	0
0	45	0
0	46	0
0	47	0
0	48	0
0	49	0
0	50	0
0	51	0
0	52	0
0	53	0
0	54	0
0	55	933
1	2	2056
1	3	1857
1	4	0
1	5	0
1	6	0
1	7	0
1	8	0
1	9	0
1	10	0
1	11	0
1	12	0
1	13	0
1	14	0
1	15	0
1	16	970
1	17	1008
1	18	1043
1	19	1015
1	20	0
1	21	0
1	22	0
1	23	1042
1	24	1010
1	25	1004
1	26	518
1	27	0
1	28	0
1	29	0
1	30	0
1	31	0
1	32	0
1	33	0
1	34	0
1	35	0
1	36	0
1	37	0
1	38	0
1	39	0
1	40	0
1	41	0
1	42	0
1	43	0
1	44	0
1	45	0
1	46	0
1	47	0
1	48	0
1	49	68
1	50	0
1	51	0
1	52	0
1	53	0
1	54	0
1	55	1045
2	3	2017
2	4	1766
2	5	0
2	6	0
2	7	0
2	8	0
2	9	0
2	10	0
2	11	0
2	12	0
2	13	0
2	14	0
2	15	0
2	16	1019
2	17	987
2	18	977
2	19	253
2	20	0
2	21	0
2	22	9
2	23	977
2	24	1001
2	25	1777
2	26	100
2	27	0
2	28	0
2	29	0
2	30	0
2	31	0
2	32	0
2	33	0
2	34	0
2	35	0
2	36	0
2	37	0
2	38	0
2	39	0
2	40	0
2	41	0
2	42	0
2	43	0
2	44	0
2	45	0
2	46	0
2	47	0
2	48	0
2	49	1026
2	50	976
2	51	49
2	52	0
2	53	1021
2	54	1028
2	55	963
3	4	2018
3	5	2037
3	6	0
3	7	0
3	8	0
3	9	0
3	10	0
3	11	0
3	12	0
3	13	0
3	14	774
3	15	978
3	16	968
3	17	1073
3	18	0
3	19	0
3	20	53
3	21	996
3	22	1001
3	23	971
3	24	1055
3	25	0
3	26	0
3	27	0
3	28	0
3	29	0
3	30	0
3	31	0
3	32	0
3	33	0
3	34	0
3	35	0
3	36	0
3	37	0
3	38	0
3	39	0
3	40	0
3	41	0
3	42	0
3	43	0
3	44	0
3	45	0
3	46	0
3	47	0
3	48	0
3	49	1060
3	50	976
3	51	1023
3	52	0
3	53	933
3	54	1018
3	55	1028
4	5	1962
4	6	2063
4	7	375
4	8	0
4	9	0
4	10	0
4	11	0
4	12	0
4	13	0
4	14	993
4	15	982
4	16	983
4	17	2
4	18	51
4	19	946
4	20	975
4	21	974
4	22	1021
4	23	954
4	24	1
4	25	0
4	26	0
4	27	0
4	28	0
4	29	630
4	30	0
4	31	0
4	32	0
4	33	0
4	34	0
4	35	0
4	36	0
4	37	0
4	38	0
4	39	0
4	40	0
4	41	0
4	42	0
4	43	0
4	44	0
4	45	0
4	46	0
4	47	0
4	48	0
4	49	0
4	50	1000
4	51	944
4	52	1998
4	53	1118
4	54	899
4	55	0
5	6	2070
5	7	1518
5	8	0
5	9	0
5	10	0
5	11	0
5	12	51
5	13	1014
5	14	968
5	15	795
5	16	0
5	17	0
5	18	0
5	19	0
5	20	959
5	21	957
5	22	0
5	23	0
5	24	0
5	25	0
5	26	0
5	27	0
5	28	0
5	29	0
5	30	0
5	31	0
5	32	0
5	33	0
5	34	0
5	35	0
5	36	0
5	37	0
5	38	0
5	39	0
5	40	0
5	41	0
5	42	0
5	43	0
5	44	0
5	45	0
5	46	0
5	47	0
5	48	0
5	49	0
5	50	250
5	51	984
5	52	1959
5	53	2058
5	54	794
5	55	0
6	7	1957
6	8	2032
6	9	0
6	10	0
6	11	845
6	12	958
6	13	1029
6	14	1013
6	15	0
6	16	0
6	17	0
6	18	0
6	19	1021
6	20	1003
6	21	113
6	22	0
6	23	0
6	24	0
6	25	0
6	26	0
6	27	0
6	28	0
6	29	0
6	30	0
6	31	0
6	32	0
6	33	1
6	34	0
6	35	0
6	36	0
6	37	0
6	38	0
6	39	0
6	40	0
6	41	0
6	42	0
6	43	0
6	44	0
6	45	0
6	46	0
6	47	0
6	48	0
6	49	0
6	50	0
6	51	0
6	52	2028
6	53	1000
6	54	1011
6	55	0
7	8	2015
7	9	1777
7	10	0
7	11	980
7	12	961
7	13	682
7	14	0
7	15	0
7	16	0
7	17	41
7	18	1029
7	19	984
7	20	1055
7	21	0
7	22	0
7	23	0
7	24	0
7	25	0
7	26	0
7	27	0
7	28	0
7	29	0
7	30	0
7	31	0
7	32	0
7	33	0
7	34	0
7	35	0
7	36	0
7	37	0
7	38	0
7	39	0
7	40	0
7	41	0
7	42	0
7	43	0
7	44	0
7	45	0
7	46	0
7	47	0
7	48	0
7	49	0
7	50	0
7	51	0
7	52	225
7	53	953
7	54	981
7	55	1012
8	9	1987
8	10	1991
8	11	1032
8	12	993
8	13	0
8	14	0
8	15	0
8	16	2
8	17	1018
8	18	948
8	19	1002
8	20	0
8	21	0
8	22	0
8	23	0
8	24	0
8	25	0
8	26	0
8	27	0
8	28	0
8	29	0
8	30	0
8	31	0
8	32	0
8	33	0
8	34	0
8	35	0
8	36	0
8	37	0
8	38	1034
8	39	40
8	40	438
8	41	0
8	42	0
8	43	0
8	44	0
8	45	0
8	46	0
8	47	0
8	48	0
8	49	0
8	50	0
8	51	0
8	52	0
8	53	443
8	54	995
8	55	975
9	10	2057
9	11	1960
9	12	91
9	13	0
9	14	0
9	15	0
9	16	543
9	17	1043
9	18	997
9	19	0
9	20	0
9	21	0
9	22	0
9	23	0
9	24	0
9	25	0
9	26	0
9	27	0
9	28	0
9	29	0
9	30	0
9	31	0
9	32	0
9	33	0
9	34	0
9	35	0
9	36	0
9	37	0
9	38	0
9	39	0
9	40	0
9	41	0
9	42	0
9	43	0
9	44	0
9	45	0
9	46	0
9	47	0
9	48	0
9	49	0
9	50	0
9	51	0
9	52	0
9	53	0
9	54	0
9	55	1009
10	11	1986
10	12	1964
10	13	286
10	14	5
10	15	1027
10	16	982
10	17	993
10	18	1
10	19	0
10	20	0
10	21	0
10	22	0
10	23	0
10	24	0
10	25	0
10	26	0
10	27	0
10	28	0
10	29	0
10	30	0
10	31	0
10	32	0
10	33	0
10	34	0
10	35	0
10	36	0
10	37	0
10	38	1
10	39	0
10	40	0
10	41	0
10	42	0
10	43	0
10	44	0
10	45	0
10	46	0
10	47	0
10	48	0
10	49	0
10	50	0
10	51	0
10	52	0
10	53	0
10	54	0
10	55	0
11	12	2002
11	13	1562
11	14	4
11	15	937
11	16	0
11	17	0
11	18	0
11	19	0
11	20	0
11	21	0
11	22	0
11	23	0
11	24	0
11	25	0
11	26	0
11	27	0
11	28	0
11	29	0
11	30	0
11	31	0
11	32	0
11	33	0
11	34	0
11	35	0
11	36	8
11	37	0
11	38	79
11	39	0
11	40	0
11	41	0
11	42	0
11	43	0
11	44	0
11	45	0
11	46	0
11	47	0
11	48	0
11	49	0
11	50	0
11	51	0
11	52	0
11	53	0
11	54	0
11	55	0
12	13	1998
12	14	1497
12	15	995
12	16	0
12	17	0
12	18	0
12	19	0
12	20	0
12	21	0
12	22	0
12	23	0
12	24	0
12	25	0
12	26	0
12	27	0
12	28	0
12	29	0
12	30	0
12	31	0
12	32	0
12	33	0
12	34	0
12	35	0
12	36	0
12	37	0
12	38	0
12	39	0
12	40	0
12	41	0
12	42	0
12	43	0
12	44	0
12	45	0
12	46	0
12	47	0
12	48	0
12	49	0
12	50	0
12	51	0
12	52	0
12	53	0
12	54	0
12	55	0
13	14	1944
13	15	1834
13	16	199
13	17	0
13	18	0
13	19	0
13	20	0
13	21	0
13	22	0
13	23	0
13	24	0
13	25	0
13	26	0
13	27	0
13	28	0
13	29	0
13	30	0
13	31	0
13	32	0
13	33	0
13	34	0
13	35	0
13	36	0
13	37	0
13	38	0
13	39	0
13	40	0
13	41	0
13	42	0
13	43	0
13	44	0
13	45	0
13	46	1
13	47	0
13	48	0
13	49	0
13	50	0
13	51	0
13	52	0
13	53	0
13	54	0
13	55	0
14	15	1977
14	16	1742
14	17	0
14	18	0
14	19	0
14	20	0
14	21	0
14	22	0
14	23	0
14	24	0
14	25	0
14	26	0
14	27	0
14	28	0
14	29	0
14	30	0
14	31	0
14	32	0
14	33	0
14	34	0
14	35	0
14	36	0
14	37	0
14	38	0
14	39	0
14	40	0
14	41	0
14	42	0
14	43	0
14	44	0
14	45	0
14	46	962
14	47	1002
14	48	0
14	49	0
14	50	0
14	51	0
14	52	0
14	53	0
14	54	0
14	55	0
15	16	2015
15	17	1597
15	18	0
15	19	0
15	20	0
15	21	0
15	22	0
15	23	0
15	24	0
15	25	0
15	26	0
15	27	0
15	28	0
15	29	0
15	30	0
15	31	0
15	32	0
15	33	0
15	34	0
15	35	0
15	36	0
15	37	0
15	38	0
15	39	0
15	40	0
15	41	0
15	42	0
15	43	0
15	44	0
15	45	0
15	46	1002
15	47	971
15	48	969
15	49	0
15	50	0
15	51	0
15	52	0
15	53	0
15	54	0
15	55	0
16	17	2099
16	18	1620
16	19	0
16	20	0
16	21	0
16	22	0
16	23	0
16	24	0
16	25	0
16	26	0
16	27	0
16	28	0
16	29	0
16	30	0
16	31	0
16	32	0
16	33	0
16	34	0
16	35	0
16	36	0
16	37	0
16	38	0
16	39	0
16	40	0
16	41	0
16	42	0
16	43	0
16	44	10
16	45	735
16	46	948
16	47	937
16	48	994
16	49	0
16	50	0
16	51	0
16	52	0
16	53	0
16	54	0
16	55	0
17	18	2037
17	19	1524
17	20	0
17	21	0
17	22	0
17	23	0
17	24	0
17	25	890
17	26	0
17	27	0
17	28	2
17	29	2
17	30	0
17	31	0
17	32	0
17	33	0
17	34	0
17	35	0
17	36	0
17	37	0
17	38	0
17	39	0
17	40	0
17	41	0
17	42	0
17	43	0
17	44	0
17	45	0
17	46	0
17	47	0
17	48	1
17	49	0
17	50	0
17	51	0
17	52	0
17	53	0
17	54	0
17	55	0
18	19	2008
18	20	1330
18	21	0
18	22	973
18	23	0
18	24	0
18	25	390
18	26	0
18	27	0
18	28	0
18	29	0
18	30	0
18	31	0
18	32	0
18	33	0
18	34	0
18	35	0
18	36	0
18	37	0
18	38	0
18	39	1
18	40	0
18	41	0
18	42	0
18	43	0
18	44	0
18	45	0
18	46	0
18	47	0
18	48	0
18	49	0
18	50	0
18	51	0
18	52	0
18	53	0
18	54	0
18	55	0
19	20	1951
19	21	1907
19	22	1595
19	23	0
19	24	1004
19	25	961
19	26	0
19	27	0
19	28	0
19	29	0
19	30	0
19	31	0
19	32	0
19	33	0
19	34	0
19	35	0
19	36	0
19	37	0
19	38	0
19	39	0
19	40	0
19	41	0
19	42	0
19	43	0
19	44	0
19	45	0
19	46	0
19	47	0
19	48	0
19	49	0
19	50	0
19	51	0
19	52	0
19	53	0
19	54	0
19	55	0
20	21	2024
20	22	1674
20	23	0
20	24	980
20	25	35
20	26	0
20	27	0
20	28	0
20	29	0
20	30	0
20	31	0
20	32	0
20	33	0
20	34	0
20	35	0
20	36	0
20	37	0
20	38	0
20	39	0
20	40	0
20	41	0
20	42	0
20	43	0
20	44	0
20	45	0
20	46	0
20	47	0
20	48	0
20	49	0
20	50	0
20	51	0
20	52	0
20	53	0
20	54	0
20	55	0
21	22	1953
21	23	2040
21	24	1040
21	25	962
21	26	0
21	27	0
21	28	0
21	29	0
21	30	0
21	31	0
21	32	0
21	33	0
21	34	0
21	35	0
21	36	0
21	37	0
21	38	0
21	39	0
21	40	0
21	41	0
21	42	0
21	43	0
21	44	0
21	45	0
21	46	0
21	47	0
21	48	0
21	49	0
21	50	0
21	51	0
21	52	0
21	53	0
21	54	0
21	55	0
22	23	2079
22	24	1941
22	25	1017
22	26	970
22	27	0
22	28	0
22	29	0
22	30	0
22	31	0
22	32	0
22	33	0
22	34	0
22	35	0
22	36	0
22	37	0
22	38	0
22	39	626
22	40	526
22	41	1032
22	42	0
22	43	0
22	44	0
22	45	0
22	46	0
22	47	0
22	48	0
22	49	4
22	50	0
22	51	0
22	52	0
22	53	0
22	54	0
22	55	0
23	24	1999
23	25	1672
23	26	1043
23	27	934
23	28	0
23	29	0
23	30	0
23	31	0
23	32	0
23	33	0
23	34	0
23	35	0
23	36	0
23	37	0
23	38	0
23	39	982
23	40	943
23	41	830
23	42	0
23	43	0
23	44	0
23	45	0
23	46	0
23	47	0
23	48	0
23	49	0
23	50	0
23	51	0
23	52	0
23	53	0
23	54	0
23	55	0
24	25	1983
24	26	1969
24	27	952
24	28	988
24	29	0
24	30	0
24	31	0
24	32	0
24	33	0
24	34	0
24	35	0
24	36	0
24	37	1033
24	38	1032
24	39	1036
24	40	996
24	41	2
24	42	0
24	43	0
24	44	0
24	45	0
24	46	0
24	47	0
24	48	0
24	49	0
24	50	0
24	51	0
24	52	0
24	53	0
24	54	0
24	55	0
25	26	1931
25	27	1991
25	28	1017
25	29	980
25	30	0
25	31	0
25	32	0
25	33	0
25	34	0
25	35	0
25	36	0
25	37	1021
25	38	999
25	39	885
25	40	794
25	41	0
25	42	0
25	43	0
25	44	0
25	45	0
25	46	0
25	47	0
25	48	0
25	49	0
25	50	0
25	51	0
25	52	0
25	53	0
25	54	0
25	55	0
26	27	2101
26	28	1996
26	29	1877
26	30	954
26	31	0
26	32	0
26	33	0
26	34	0
26	35	795
26	36	967
26	37	1043
26	38	946
26	39	0
26	40	0
26	41	0
26	42	0
26	43	0
26	44	0
26	45	0
26	46	0
26	47	0
26	48	0
26	49	0
26	50	0
26	51	58
26	52	0
26	53	0
26	54	0
26	55	0
27	28	1984
27	29	1979
27	30	954
27	31	987
27	32	0
27	33	0
27	34	0
27	35	284
27	36	981
27	37	1030
27	38	420
27	39	0
27	40	0
27	41	0
27	42	0
27	43	0
27	44	0
27	45	0
27	46	0
27	47	0
27	48	0
27	49	0
27	50	0
27	51	0
27	52	0
27	53	0
27	54	0
27	55	0
28	29	2009
28	30	1973
28	31	1781
28	32	1006
28	33	0
28	34	0
28	35	968
28	36	1016
28	37	596
28	38	0
28	39	0
28	40	0
28	41	0
28	42	0
28	43	0
28	44	0
28	45	0
28	46	0
28	47	0
28	48	0
28	49	0
28	50	0
28	51	0
28	52	0
28	53	0
28	54	0
28	55	0
29	30	1958
29	31	2011
29	32	1974
29	33	1335
29	34	316
29	35	1055
29	36	1030
29	37	0
29	38	0
29	39	0
29	40	0
29	41	0
29	42	0
29	43	0
29	44	0
29	45	0
29	46	0
29	47	0
29	48	0
29	49	0
29	50	0
29	51	0
29	52	0
29	53	0
29	54	0
29	55	0
30	31	2014
30	32	2089
30	33	999
30	34	965
30	35	56
30	36	0
30	37	0
30	38	0
30	39	0
30	40	0
30	41	0
30	42	0
30	43	0
30	44	0
30	45	0
30	46	0
30	47	0
30	48	0
30	49	0
30	50	0
30	51	0
30	52	0
30	53	0
30	54	0
30	55	0
31	32	2052
31	33	1579
31	34	1080
31	35	1166
31	36	0
31	37	0
31	38	0
31	39	0
31	40	0
31	41	0
31	42	0
31	43	0
31	44	0
31	45	0
31	46	0
31	47	0
31	48	0
31	49	0
31	50	0
31	51	0
31	52	0
31	53	0
31	54	0
31	55	0
32	33	2011
32	34	1966
32	35	1811
32	36	987
32	37	0
32	38	0
32	39	0
32	40	0
32	41	0
32	42	0
32	43	0
32	44	0
32	45	0
32	46	0
32	47	0
32	48	0
32	49	0
32	50	0
32	51	0
32	52	0
32	53	0
32	54	0
32	55	0
33	34	2047
33	35	1985
33	36	985
33	37	1041
33	38	1029
33	39	655
33	40	0
33	41	0
33	42	0
33	43	0
33	44	0
33	45	0
33	46	0
33	47	0
33	48	0
33	49	1005
33	50	978
33	51	9
33	52	0
33	53	0
33	54	0
33	55	0
34	35	1960
34	36	1844
34	37	1003
34	38	1052
34	39	970
34	40	0
34	41	0
34	42	0
34	43	0
34	44	0
34	45	0
34	46	0
34	47	987
34	48	950
34	49	1062
34	50	1004
34	51	0
34	52	0
34	53	0
34	54	0
34	55	0
35	36	1977
35	37	2041
35	38	97
35	39	0
35	40	0
35	41	0
35	42	0
35	43	0
35	44	0
35	45	0
35	46	4
35	47	1051
35	48	979
35	49	967
35	50	1005
35	51	0
35	52	0
35	53	0
35	54	0
35	55	0
36	37	1962
36	38	1410
36	39	0
36	40	0
36	41	0
36	42	0
36	43	0
36	44	0
36	45	589
36	46	999
36	47	987
36	48	1006
36	49	0
36	50	0
36	51	0
36	52	0
36	53	0
36	54	0
36	55	0
37	38	1991
37	39	1997
37	40	0
37	41	0
37	42	0
37	43	0
37	44	0
37	45	974
37	46	1009
37	47	985
37	48	952
37	49	0
37	50	0
37	51	0
37	52	0
37	53	0
37	54	0
37	55	0
38	39	1929
38	40	1966
38	41	0
38	42	1
38	43	955
38	44	1008
38	45	1012
38	46	969
38	47	0
38	48	0
38	49	0
38	50	0
38	51	0
38	52	0
38	53	2
38	54	0
38	55	381
39	40	1933
39	41	1349
39	42	986
39	43	1024
39	44	1018
39	45	987
39	46	0
39	47	0
39	48	0
39	49	0
39	50	0
39	51	0
39	52	0
39	53	37
39	54	42
39	55	1051
40	41	1951
40	42	1984
40	43	1035
40	44	1
40	45	0
40	46	0
40	47	0
40	48	0
40	49	0
40	50	0
40	51	0
40	52	0
40	53	1023
40	54	957
40	55	1040
41	42	2136
41	43	1644
41	44	1
41	45	0
41	46	0
41	47	0
41	48	0
41	49	0
41	50	0
41	51	0
41	52	3
41	53	1018
41	54	1030
41	55	974
42	43	2085
42	44	1906
42	45	0
42	46	0
42	47	0
42	48	0
42	49	0
42	50	0
42	51	859
42	52	1021
42	53	1006
42	54	994
42	55	0
43	44	1996
43	45	1978
43	46	0
43	47	0
43	48	0
43	49	0
43	50	0
43	51	948
43	52	1051
43	53	851
43	54	0
43	55	0
44	45	2043
44	46	1720
44	47	0
44	48	0
44	49	474
44	50	1037
44	51	955
44	52	984
44	53	0
44	54	0
44	55	0
45	46	2017
45	47	1234
45	48	1001
45	49	997
45	50	1065
45	51	1025
45	52	0
45	53	0
45	54	0
45	55	0
46	47	2034
46	48	1988
46	49	1025
46	50	986
46	51	0
46	52	0
46	53	0
46	54	0
46	55	0
47	48	2079
47	49	1858
47	50	11
47	51	0
47	52	0
47	53	0
47	54	0
47	55	0
48	49	1980
48	50	2029
48	51	0
48	52	28
48	53	0
48	54	0
48	55	0
49	50	2098
49	51	1837
49	52	959
49	53	69
49	54	0
49	55	0
50	51	2075
50	52	2036
50	53	1030
50	54	0
50	55	0
51	52	2031
51	53	1891
51	54	29
51	55	0
52	53	2044
52	54	1543
52	55	0
53	54	1989
53	55	1606
54	55	1963
