0	1	0
0	2	0
0	3	16
0	4	0
0	5	0
0	6	0
0	7	0
0	8	0
0	9	0
0	10	0
0	11	0
0	12	0
0	13	0
0	14	0
0	15	0
0	16	3
0	17	156
0	18	858
0	19	877
0	20	762
0	21	532
0	22	101
0	23	2
0	24	88
0	25	568
0	26	296
0	27	1
0	28	0
0	29	0
0	30	0
0	31	0
0	32	0
0	33	0
0	34	0
0	35	0
0	36	0
0	37	0
0	38	0
0	39	0
0	40	0
0	41	0
0	42	0
0	43	0
0	44	0
0	45	0
0	46	0
0	47	0
0	48	1
0	49	108
0	50	1
0	51	0
0	52	0
0	53	0
0	54	11
0	55	548
1	2	0
1	3	0
1	4	12
1	5	0
1	6	0
1	7	0
1	8	0
1	9	0
1	10	0
1	11	0
1	12	0
1	13	0
1	14	0
1	15	7
1	16	635
1	17	887
1	18	983
1	19	680
1	20	69
1	21	46
1	22	20
1	23	659
1	24	852
1	25	1034
1	26	446
1	27	3
1	28	0
1	29	0
1	30	0
1	31	0
1	32	0
1	33	0
1	34	0
1	35	0
1	36	0
1	37	9
1	38	12
1	39	15
1	40	48
1	41	0
1	42	0
1	43	0
1	44	0
1	45	0
1	46	0
1	47	0
1	48	7
1	49	278
1	50	31
1	51	0
1	52	0
1	53	9
1	54	96
1	55	740
2	3	0
2	4	0
2	5	26
2	6	0
2	7	0
2	8	0
2	9	0
2	10	0
2	11	0
2	12	0
2	13	0
2	14	3
2	15	140
2	16	905
2	17	913
2	18	721
2	19	383
2	20	8
2	21	77
2	22	356
2	23	853
2	24	907
2	25	1132
2	26	366
2	27	0
2	28	1
2	29	26
2	30	0
2	31	0
2	32	0
2	33	0
2	34	0
2	35	1
2	36	0
2	37	27
2	38	5
2	39	13
2	40	5
2	41	0
2	42	0
2	43	0
2	44	6
2	45	7
2	46	30
2	47	1
2	48	121
2	49	905
2	50	834
2	51	284
2	52	24
2	53	788
2	54	907
2	55	984
3	4	0
3	5	0
3	6	57
3	7	1
3	8	0
3	9	0
3	10	0
3	11	0
3	12	0
3	13	4
3	14	509
3	15	848
3	16	978
3	17	683
3	18	71
3	19	25
3	20	315
3	21	877
3	22	867
3	23	979
3	24	688
3	25	103
3	26	9
3	27	0
3	28	0
3	29	50
3	30	0
3	31	0
3	32	0
3	33	0
3	34	0
3	35	0
3	36	0
3	37	0
3	38	0
3	39	26
3	40	13
3	41	2
3	42	0
3	43	0
3	44	15
3	45	10
3	46	1
3	47	0
3	48	103
3	49	628
3	50	951
3	51	741
3	52	286
3	53	915
3	54	843
3	55	680
4	5	0
4	6	0
4	7	434
4	8	82
4	9	0
4	10	0
4	11	0
4	12	2
4	13	188
4	14	866
4	15	908
4	16	824
4	17	188
4	18	315
4	19	523
4	20	952
4	21	952
4	22	871
4	23	665
4	24	161
4	25	34
4	26	36
4	27	0
4	28	4
4	29	446
4	30	24
4	31	0
4	32	17
4	33	23
4	34	0
4	35	0
4	36	0
4	37	0
4	38	0
4	39	3
4	40	1
4	41	0
4	42	6
4	43	13
4	44	45
4	45	3
4	46	0
4	47	0
4	48	14
4	49	74
4	50	838
4	51	993
4	52	1690
4	53	1295
4	54	582
4	55	46
5	6	0
5	7	0
5	8	60
5	9	0
5	10	0
5	11	4
5	12	316
5	13	796
5	14	958
5	15	542
5	16	74
5	17	0
5	18	18
5	19	159
5	20	937
5	21	702
5	22	130
5	23	12
5	24	0
5	25	0
5	26	0
5	27	0
5	28	0
5	29	10
5	30	0
5	31	0
5	32	0
5	33	7
5	34	0
5	35	0
5	36	0
5	37	0
5	38	0
5	39	0
5	40	0
5	41	0
5	42	11
5	43	14
5	44	8
5	45	1
5	46	0
5	47	0
5	48	0
5	49	2
5	50	382
5	51	779
5	52	1812
5	53	1557
5	54	601
5	55	8
6	7	0
6	8	0
6	9	34
6	10	21
6	11	506
6	12	943
6	13	898
6	14	703
6	15	135
6	16	1
6	17	6
6	18	160
6	19	676
6	20	979
6	21	317
6	22	41
6	23	0
6	24	0
6	25	0
6	26	0
6	27	0
6	28	0
6	29	15
6	30	2
6	31	0
6	32	2
6	33	218
6	34	0
6	35	0
6	36	5
6	37	0
6	38	157
6	39	9
6	40	48
6	41	6
6	42	26
6	43	0
6	44	0
6	45	0
6	46	0
6	47	0
6	48	0
6	49	1
6	50	3
6	51	145
6	52	1446
6	53	1166
6	54	691
6	55	92
7	8	0
7	9	0
7	10	148
7	11	555
7	12	949
7	13	474
7	14	54
7	15	0
7	16	4
7	17	305
7	18	851
7	19	985
7	20	959
7	21	123
7	22	71
7	23	0
7	24	0
7	25	0
7	26	0
7	27	0
7	28	0
7	29	0
7	30	0
7	31	0
7	32	0
7	33	5
7	34	0
7	35	0
7	36	0
7	37	0
7	38	65
7	39	4
7	40	127
7	41	15
7	42	3
7	43	0
7	44	0
7	45	0
7	46	0
7	47	0
7	48	0
7	49	0
7	50	0
7	51	3
7	52	483
7	53	798
7	54	959
7	55	647
8	9	0
8	10	0
8	11	923
8	12	835
8	13	64
8	14	0
8	15	18
8	16	239
8	17	898
8	18	897
8	19	690
8	20	198
8	21	0
8	22	1
8	23	0
8	24	0
8	25	0
8	26	0
8	27	0
8	28	0
8	29	0
8	30	0
8	31	0
8	32	0
8	33	47
8	34	0
8	35	0
8	36	12
8	37	62
8	38	755
8	39	293
8	40	424
8	41	20
8	42	0
8	43	0
8	44	0
8	45	0
8	46	0
8	47	0
8	48	93
8	49	45
8	50	0
8	51	1
8	52	170
8	53	447
8	54	882
8	55	945
9	10	0
9	11	0
9	12	362
9	13	1
9	14	0
9	15	102
9	16	446
9	17	985
9	18	647
9	19	129
9	20	3
9	21	0
9	22	0
9	23	0
9	24	0
9	25	0
9	26	0
9	27	0
9	28	0
9	29	0
9	30	0
9	31	0
9	32	0
9	33	0
9	34	0
9	35	0
9	36	0
9	37	11
9	38	178
9	39	15
9	40	27
9	41	0
9	42	0
9	43	0
9	44	0
9	45	0
9	46	0
9	47	0
9	48	13
9	49	0
9	50	0
9	51	0
9	52	0
9	53	1
9	54	145
9	55	722
10	11	0
10	12	0
10	13	408
10	14	220
10	15	915
10	16	901
10	17	963
10	18	194
10	19	0
10	20	0
10	21	0
10	22	0
10	23	0
10	24	0
10	25	0
10	26	0
10	27	0
10	28	0
10	29	0
10	30	0
10	31	0
10	32	0
10	33	0
10	34	0
10	35	0
10	36	29
10	37	94
10	38	183
10	39	1
10	40	0
10	41	0
10	42	0
10	43	0
10	44	0
10	45	0
10	46	24
10	47	38
10	48	93
10	49	9
10	50	0
10	51	0
10	52	0
10	53	0
10	54	0
10	55	32
11	12	0
11	13	0
11	14	217
11	15	573
11	16	128
11	17	125
11	18	0
11	19	0
11	20	0
11	21	0
11	22	0
11	23	0
11	24	0
11	25	0
11	26	0
11	27	0
11	28	0
11	29	0
11	30	0
11	31	0
11	32	0
11	33	31
11	34	0
11	35	0
11	36	242
11	37	133
11	38	346
11	39	1
11	40	0
11	41	0
11	42	0
11	43	0
11	44	0
11	45	0
11	46	0
11	47	1
11	48	3
11	49	0
11	50	0
11	51	0
11	52	0
11	53	3
11	54	9
11	55	14
12	13	0
12	14	0
12	15	758
12	16	117
12	17	23
12	18	0
12	19	0
12	20	0
12	21	0
12	22	0
12	23	0
12	24	0
12	25	0
12	26	0
12	27	0
12	28	0
12	29	0
12	30	0
12	31	0
12	32	0
12	33	1
12	34	0
12	35	0
12	36	1
12	37	0
12	38	10
12	39	0
12	40	0
12	41	0
12	42	0
12	43	0
12	44	0
12	45	0
12	46	6
12	47	2
12	48	0
12	49	0
12	50	0
12	51	0
12	52	3
12	53	19
12	54	25
12	55	4
13	14	0
13	15	0
13	16	361
13	17	25
13	18	0
13	19	0
13	20	0
13	21	0
13	22	0
13	23	0
13	24	0
13	25	0
13	26	0
13	27	0
13	28	0
13	29	0
13	30	0
13	31	0
13	32	0
13	33	0
13	34	0
13	35	0
13	36	0
13	37	0
13	38	0
13	39	0
13	40	0
13	41	0
13	42	0
13	43	0
13	44	1
13	45	4
13	46	199
13	47	26
13	48	0
13	49	0
13	50	0
13	51	0
13	52	10
13	53	4
13	54	0
13	55	0
14	15	0
14	16	0
14	17	17
14	18	0
14	19	0
14	20	0
14	21	0
14	22	0
14	23	0
14	24	0
14	25	0
14	26	0
14	27	0
14	28	0
14	29	1
14	30	0
14	31	0
14	32	0
14	33	0
14	34	1
14	35	0
14	36	31
14	37	0
14	38	0
14	39	0
14	40	0
14	41	0
14	42	0
14	43	0
14	44	0
14	45	62
14	46	851
14	47	682
14	48	44
14	49	1
14	50	4
14	51	11
14	52	43
14	53	1
14	54	0
14	55	0
15	16	0
15	17	0
15	18	18
15	19	0
15	20	0
15	21	0
15	22	0
15	23	0
15	24	0
15	25	0
15	26	0
15	27	0
15	28	0
15	29	44
15	30	0
15	31	0
15	32	15
15	33	2
15	34	93
15	35	27
15	36	118
15	37	17
15	38	1
15	39	0
15	40	0
15	41	0
15	42	0
15	43	0
15	44	2
15	45	88
15	46	933
15	47	975
15	48	785
15	49	135
15	50	6
15	51	11
15	52	5
15	53	0
15	54	0
15	55	0
16	17	0
16	18	0
16	19	18
16	20	0
16	21	0
16	22	0
16	23	0
16	24	0
16	25	33
16	26	0
16	27	0
16	28	3
16	29	73
16	30	0
16	31	0
16	32	3
16	33	0
16	34	2
16	35	2
16	36	49
16	37	115
16	38	60
16	39	70
16	40	0
16	41	0
16	42	3
16	43	3
16	44	257
16	45	475
16	46	935
16	47	800
16	48	796
16	49	47
16	50	58
16	51	17
16	52	0
16	53	0
16	54	0
16	55	0
17	18	0
17	19	0
17	20	10
17	21	4
17	22	6
17	23	0
17	24	12
17	25	558
17	26	13
17	27	0
17	28	191
17	29	207
17	30	0
17	31	0
17	32	3
17	33	0
17	34	0
17	35	0
17	36	0
17	37	0
17	38	1
17	39	11
17	40	0
17	41	0
17	42	1
17	43	0
17	44	23
17	45	5
17	46	106
17	47	53
17	48	215
17	49	7
17	50	5
17	51	2
17	52	0
17	53	0
17	54	0
17	55	0
18	19	0
18	20	0
18	21	145
18	22	615
18	23	34
18	24	33
18	25	418
18	26	1
18	27	0
18	28	15
18	29	0
18	30	0
18	31	0
18	32	0
18	33	0
18	34	0
18	35	0
18	36	0
18	37	1
18	38	3
18	39	158
18	40	1
18	41	41
18	42	10
18	43	0
18	44	17
18	45	1
18	46	5
18	47	2
18	48	88
18	49	2
18	50	0
18	51	0
18	52	7
18	53	2
18	54	0
18	55	0
19	20	0
19	21	0
19	22	1276
19	23	129
19	24	751
19	25	884
19	26	38
19	27	11
19	28	90
19	29	3
19	30	0
19	31	0
19	32	0
19	33	0
19	34	0
19	35	0
19	36	0
19	37	0
19	38	0
19	39	9
19	40	0
19	41	18
19	42	1
19	43	0
19	44	0
19	45	0
19	46	0
19	47	0
19	48	0
19	49	1
19	50	0
19	51	0
19	52	6
19	53	3
19	54	0
19	55	0
20	21	0
20	22	0
20	23	225
20	24	580
20	25	275
20	26	0
20	27	0
20	28	1
20	29	0
20	30	0
20	31	0
20	32	0
20	33	0
20	34	0
20	35	0
20	36	0
20	37	0
20	38	0
20	39	0
20	40	0
20	41	0
20	42	0
20	43	0
20	44	0
20	45	0
20	46	0
20	47	0
20	48	0
20	49	0
20	50	0
20	51	0
20	52	47
20	53	59
20	54	2
20	55	0
21	22	0
21	23	0
21	24	896
21	25	650
21	26	83
21	27	4
21	28	0
21	29	0
21	30	0
21	31	0
21	32	0
21	33	0
21	34	0
21	35	0
21	36	0
21	37	0
21	38	0
21	39	4
21	40	1
21	41	9
21	42	0
21	43	0
21	44	0
21	45	0
21	46	3
21	47	0
21	48	0
21	49	12
21	50	0
21	51	0
21	52	2
21	53	55
21	54	10
21	55	1
22	23	0
22	24	0
22	25	956
22	26	783
22	27	87
22	28	11
22	29	3
22	30	0
22	31	0
22	32	0
22	33	0
22	34	0
22	35	0
22	36	0
22	37	0
22	38	7
22	39	480
22	40	452
22	41	665
22	42	22
22	43	1
22	44	106
22	45	17
22	46	160
22	47	0
22	48	0
22	49	224
22	50	29
22	51	36
22	52	0
22	53	34
22	54	0
22	55	0
23	24	0
23	25	0
23	26	939
23	27	644
23	28	76
23	29	5
23	30	5
23	31	0
23	32	0
23	33	0
23	34	0
23	35	0
23	36	0
23	37	16
23	38	99
23	39	775
23	40	893
23	41	520
23	42	4
23	43	2
23	44	6
23	45	0
23	46	0
23	47	0
23	48	0
23	49	0
23	50	0
23	51	3
23	52	0
23	53	87
23	54	16
23	55	26
24	25	0
24	26	0
24	27	945
24	28	684
24	29	90
24	30	7
24	31	0
24	32	0
24	33	0
24	34	0
24	35	2
24	36	12
24	37	746
24	38	899
24	39	971
24	40	913
24	41	210
24	42	10
24	43	55
24	44	20
24	45	37
24	46	2
24	47	0
24	48	18
24	49	0
24	50	1
24	51	0
24	52	0
24	53	48
24	54	5
24	55	16
25	26	0
25	27	0
25	28	955
25	29	766
25	30	124
25	31	8
25	32	8
25	33	0
25	34	0
25	35	11
25	36	57
25	37	814
25	38	872
25	39	532
25	40	512
25	41	1
25	42	0
25	43	14
25	44	1
25	45	22
25	46	0
25	47	0
25	48	0
25	49	15
25	50	11
25	51	64
25	52	0
25	53	0
25	54	0
25	55	6
26	27	0
26	28	0
26	29	1448
26	30	771
26	31	126
26	32	20
26	33	6
26	34	3
26	35	477
26	36	703
26	37	965
26	38	635
26	39	51
26	40	2
26	41	0
26	42	16
26	43	12
26	44	120
26	45	20
26	46	4
26	47	23
26	48	24
26	49	2
26	50	14
26	51	305
26	52	6
26	53	2
26	54	0
26	55	2
27	28	0
27	29	0
27	30	946
27	31	734
27	32	131
27	33	12
27	34	5
27	35	384
27	36	893
27	37	917
27	38	387
27	39	3
27	40	0
27	41	0
27	42	1
27	43	0
27	44	0
27	45	47
27	46	24
27	47	25
27	48	2
27	49	0
27	50	0
27	51	0
27	52	0
27	53	0
27	54	0
27	55	0
28	29	0
28	30	0
28	31	1416
28	32	813
28	33	87
28	34	61
28	35	830
28	36	920
28	37	444
28	38	9
28	39	0
28	40	0
28	41	0
28	42	0
28	43	0
28	44	0
28	45	1
28	46	5
28	47	47
28	48	1
28	49	0
28	50	1
28	51	0
28	52	0
28	53	0
28	54	0
28	55	0
29	30	0
29	31	0
29	32	1577
29	33	1199
29	34	555
29	35	969
29	36	592
29	37	98
29	38	1
29	39	0
29	40	0
29	41	0
29	42	0
29	43	0
29	44	2
29	45	0
29	46	0
29	47	29
29	48	9
29	49	8
29	50	112
29	51	155
29	52	26
29	53	38
29	54	0
29	55	0
30	31	0
30	32	0
30	33	1208
30	34	865
30	35	418
30	36	29
30	37	2
30	38	60
30	39	56
30	40	8
30	41	2
30	42	46
30	43	1
30	44	0
30	45	0
30	46	0
30	47	0
30	48	0
30	49	0
30	50	0
30	51	16
30	52	7
30	53	79
30	54	0
30	55	0
31	32	0
31	33	0
31	34	1294
31	35	1123
31	36	177
31	37	10
31	38	19
31	39	5
31	40	0
31	41	0
31	42	0
31	43	0
31	44	0
31	45	0
31	46	0
31	47	1
31	48	0
31	49	0
31	50	2
31	51	0
31	52	0
31	53	0
31	54	0
31	55	0
32	33	0
32	34	0
32	35	1357
32	36	647
32	37	52
32	38	81
32	39	1
32	40	0
32	41	0
32	42	0
32	43	0
32	44	0
32	45	0
32	46	0
32	47	5
32	48	0
32	49	29
32	50	58
32	51	0
32	52	0
32	53	1
32	54	0
32	55	0
33	34	0
33	35	0
33	36	929
33	37	661
33	38	935
33	39	464
33	40	62
33	41	1
33	42	1
33	43	0
33	44	0
33	45	0
33	46	0
33	47	24
33	48	114
33	49	672
33	50	844
33	51	238
33	52	5
33	53	182
33	54	6
33	55	3
34	35	0
34	36	0
34	37	945
34	38	871
34	39	568
34	40	19
34	41	0
34	42	0
34	43	0
34	44	0
34	45	0
34	46	22
34	47	824
34	48	873
34	49	957
34	50	848
34	51	107
34	52	8
34	53	7
34	54	0
34	55	0
35	36	0
35	37	0
35	38	319
35	39	14
35	40	0
35	41	0
35	42	0
35	43	0
35	44	0
35	45	7
35	46	203
35	47	942
35	48	896
35	49	667
35	50	734
35	51	7
35	52	1
35	53	5
35	54	0
35	55	0
36	37	0
36	38	0
36	39	47
36	40	1
36	41	0
36	42	0
36	43	0
36	44	1
36	45	465
36	46	902
36	47	975
36	48	668
36	49	60
36	50	27
36	51	0
36	52	0
36	53	0
36	54	0
36	55	0
37	38	0
37	39	0
37	40	54
37	41	0
37	42	0
37	43	25
37	44	152
37	45	852
37	46	841
37	47	744
37	48	541
37	49	18
37	50	10
37	51	0
37	52	0
37	53	0
37	54	0
37	55	1
38	39	0
38	40	0
38	41	106
38	42	170
38	43	807
38	44	863
38	45	976
38	46	545
38	47	100
38	48	24
38	49	0
38	50	0
38	51	0
38	52	0
38	53	191
38	54	133
38	55	402
39	40	0
39	41	0
39	42	887
39	43	935
39	44	877
39	45	646
39	46	97
39	47	0
39	48	9
39	49	0
39	50	0
39	51	0
39	52	0
39	53	265
39	54	295
39	55	720
40	41	0
40	42	0
40	43	870
40	44	219
40	45	26
40	46	0
40	47	0
40	48	0
40	49	0
40	50	0
40	51	0
40	52	45
40	53	865
40	54	957
40	55	986
41	42	0
41	43	0
41	44	210
41	45	2
41	46	0
41	47	0
41	48	0
41	49	0
41	50	0
41	51	4
41	52	224
41	53	896
41	54	929
41	55	674
42	43	0
42	44	0
42	45	89
42	46	0
42	47	0
42	48	0
42	49	0
42	50	8
42	51	522
42	52	868
42	53	971
42	54	639
42	55	41
43	44	0
43	45	0
43	46	20
43	47	0
43	48	1
43	49	1
43	50	178
43	51	867
43	52	875
43	53	532
43	54	56
43	55	0
44	45	0
44	46	0
44	47	65
44	48	76
44	49	415
44	50	866
44	51	984
44	52	636
44	53	45
44	54	0
44	55	0
45	46	0
45	47	0
45	48	872
45	49	857
45	50	909
45	51	668
45	52	102
45	53	0
45	54	0
45	55	0
46	47	0
46	48	0
46	49	978
46	50	639
46	51	108
46	52	0
46	53	0
46	54	0
46	55	0
47	48	0
47	49	0
47	50	328
47	51	1
47	52	1
47	53	0
47	54	0
47	55	0
48	49	0
48	50	0
48	51	169
48	52	286
48	53	123
48	54	0
48	55	0
49	50	0
49	51	0
49	52	839
49	53	296
49	54	0
49	55	0
50	51	0
50	52	0
50	53	830
50	54	179
50	55	3
51	52	0
51	53	0
51	54	301
51	55	0
52	53	0
52	54	0
52	55	4
53	54	0
53	55	0
54	55	0
