1.082993348692661062e+00
6.722192023476865064e-01
6.722192023476865064e-01
6.722192023476865064e-01
6.723837841300228657e-01
9.590730959749851348e-01
8.987528474941947065e-01
1.365572230615149207e+00
1.477406439967588581e+00
1.139880194653843493e+00
7.614269121445795818e-01
8.810961015011787856e-01
5.581429400318016487e-01
1.180169350165199971e+00
7.192289109704007588e-01
1.248685649893492400e+00
2.708492830196442824e-01
6.992665397604600486e-01
8.231358070183782960e-01
6.532512685759106486e-01
9.431214170535483499e-01
1.055808866669033064e+00
9.752936199929608252e-01
1.047537200290693971e+00
1.352810396934095438e+00
1.319142880988807720e+00
8.857661779523724466e-01
1.442373094496449903e+00
1.627532489556197559e+00
1.013573578689177523e+00
1.469631067880281527e+00
8.825309703560125785e-01
8.854816685799019593e-01
1.355770574030509934e+00
1.477304214605388522e+00
1.189336292950283980e+00
7.096098446797179937e-01
7.284571527759841070e-01
1.219082783861473951e+00
1.428549418613751287e+00
1.579583500081069847e+00
1.218982684425130580e+00
8.881300129145330846e-01
1.484763526821115454e+00
1.141252374926186031e+00
9.636604171037800315e-01
1.415195942679618124e+00
1.016029264697060785e+00
3.353904094459809748e-01
8.528961059083842722e-01
4.852836718873884680e-01
1.345208869567934507e+00
1.106756234120315208e+00
5.183594552712182946e-01
1.208786754324544965e+00
1.378765274949883324e+00
9.864264213108225876e-01
8.928202919737253662e-01
6.615137795173887669e-01
1.521496373863792551e+00
8.814791901341900715e-01
1.388708946651636245e+00
1.200432123539996399e+00
9.693140484688288483e-01
7.574285528082487229e-01
1.176204381418208156e+00
1.864436769399154592e+00
2.374946401684203678e-01
1.427674236280883857e+00
8.647954410896288024e-01
