0	1	0
0	2	0
0	3	425
0	4	89
0	5	3
0	6	0
0	7	0
0	8	0
0	9	0
0	10	0
0	11	0
0	12	0
0	13	2
0	14	157
0	15	885
0	16	904
0	17	773
0	18	247
0	19	0
0	20	0
0	21	0
0	22	0
0	23	0
0	24	0
0	25	0
0	26	0
0	27	0
0	28	0
0	29	0
0	30	0
0	31	0
0	32	0
0	33	0
0	34	0
0	35	0
0	36	124
0	37	322
0	38	9
0	39	4
0	40	0
0	41	0
0	42	0
0	43	0
0	44	0
0	45	0
0	46	0
0	47	0
0	48	0
0	49	0
0	50	0
0	51	0
0	52	0
0	53	0
0	54	0
0	55	2
0	56	0
0	57	0
0	58	0
0	59	0
0	60	6
0	61	189
0	62	903
0	63	389
0	64	15
0	65	0
0	66	0
0	67	0
0	68	0
0	69	0
0	70	0
0	71	0
0	72	0
0	73	0
0	74	0
1	2	0
1	3	0
1	4	933
1	5	371
1	6	13
1	7	2
1	8	1
1	9	0
1	10	0
1	11	0
1	12	4
1	13	629
1	14	838
1	15	960
1	16	716
1	17	119
1	18	6
1	19	0
1	20	0
1	21	0
1	22	0
1	23	0
1	24	0
1	25	0
1	26	0
1	27	0
1	28	0
1	29	0
1	30	0
1	31	0
1	32	0
1	33	2
1	34	2
1	35	35
1	36	814
1	37	798
1	38	326
1	39	420
1	40	0
1	41	0
1	42	0
1	43	0
1	44	0
1	45	0
1	46	0
1	47	0
1	48	0
1	49	0
1	50	0
1	51	0
1	52	0
1	53	0
1	54	0
1	55	0
1	56	0
1	57	0
1	58	0
1	59	0
1	60	3
1	61	65
1	62	825
1	63	876
1	64	224
1	65	21
1	66	0
1	67	0
1	68	0
1	69	0
1	70	0
1	71	0
1	72	1
1	73	0
1	74	0
2	3	0
2	4	0
2	5	842
2	6	322
2	7	10
2	8	6
2	9	1
2	10	0
2	11	6
2	12	123
2	13	820
2	14	891
2	15	643
2	16	458
2	17	19
2	18	4
2	19	0
2	20	0
2	21	0
2	22	0
2	23	0
2	24	0
2	25	3
2	26	0
2	27	0
2	28	0
2	29	0
2	30	0
2	31	0
2	32	5
2	33	158
2	34	12
2	35	104
2	36	953
2	37	613
2	38	51
2	39	27
2	40	0
2	41	0
2	42	0
2	43	0
2	44	1
2	45	0
2	46	0
2	47	0
2	48	0
2	49	0
2	50	0
2	51	0
2	52	0
2	53	0
2	54	0
2	55	6
2	56	0
2	57	0
2	58	0
2	59	0
2	60	114
2	61	183
2	62	757
2	63	966
2	64	908
2	65	788
2	66	290
2	67	0
2	68	0
2	69	0
2	70	0
2	71	0
2	72	0
2	73	0
2	74	0
3	4	0
3	5	0
3	6	900
3	7	313
3	8	29
3	9	8
3	10	8
3	11	665
3	12	851
3	13	964
3	14	666
3	15	52
3	16	3
3	17	0
3	18	0
3	19	0
3	20	0
3	21	0
3	22	0
3	23	0
3	24	0
3	25	0
3	26	0
3	27	0
3	28	0
3	29	0
3	30	0
3	31	0
3	32	0
3	33	0
3	34	0
3	35	0
3	36	299
3	37	14
3	38	0
3	39	1
3	40	0
3	41	0
3	42	1
3	43	0
3	44	0
3	45	0
3	46	0
3	47	0
3	48	0
3	49	0
3	50	0
3	51	0
3	52	0
3	53	0
3	54	0
3	55	0
3	56	0
3	57	0
3	58	0
3	59	0
3	60	0
3	61	0
3	62	40
3	63	630
3	64	735
3	65	973
3	66	708
3	67	113
3	68	4
3	69	0
3	70	0
3	71	18
3	72	0
3	73	0
3	74	0
4	5	0
4	6	0
4	7	867
4	8	500
4	9	91
4	10	138
4	11	865
4	12	923
4	13	705
4	14	312
4	15	2
4	16	1
4	17	0
4	18	0
4	19	0
4	20	0
4	21	0
4	22	0
4	23	0
4	24	0
4	25	7
4	26	4
4	27	0
4	28	1
4	29	82
4	30	0
4	31	0
4	32	0
4	33	1
4	34	0
4	35	44
4	36	616
4	37	50
4	38	27
4	39	273
4	40	1
4	41	2
4	42	106
4	43	22
4	44	11
4	45	0
4	46	0
4	47	0
4	48	0
4	49	0
4	50	0
4	51	0
4	52	0
4	53	0
4	54	0
4	55	0
4	56	0
4	57	0
4	58	0
4	59	0
4	60	0
4	61	0
4	62	0
4	63	8
4	64	93
4	65	847
4	66	945
4	67	839
4	68	847
4	69	6
4	70	0
4	71	443
4	72	58
4	73	0
4	74	0
5	6	0
5	7	0
5	8	1077
5	9	1409
5	10	870
5	11	998
5	12	631
5	13	78
5	14	0
5	15	0
5	16	0
5	17	0
5	18	0
5	19	0
5	20	0
5	21	0
5	22	0
5	23	0
5	24	0
5	25	0
5	26	0
5	27	0
5	28	0
5	29	0
5	30	0
5	31	0
5	32	89
5	33	62
5	34	8
5	35	439
5	36	905
5	37	70
5	38	25
5	39	86
5	40	0
5	41	1
5	42	18
5	43	13
5	44	1
5	45	0
5	46	0
5	47	0
5	48	0
5	49	0
5	50	0
5	51	0
5	52	0
5	53	0
5	54	0
5	55	0
5	56	0
5	57	0
5	58	0
5	59	0
5	60	0
5	61	0
5	62	0
5	63	0
5	64	0
5	65	581
5	66	680
5	67	944
5	68	811
5	69	66
5	70	0
5	71	15
5	72	0
5	73	0
5	74	0
6	7	0
6	8	0
6	9	1751
6	10	1498
6	11	818
6	12	226
6	13	4
6	14	0
6	15	0
6	16	0
6	17	0
6	18	0
6	19	0
6	20	0
6	21	0
6	22	0
6	23	0
6	24	0
6	25	0
6	26	0
6	27	0
6	28	0
6	29	0
6	30	0
6	31	0
6	32	0
6	33	2
6	34	0
6	35	1
6	36	63
6	37	0
6	38	0
6	39	0
6	40	7
6	41	4
6	42	21
6	43	3
6	44	0
6	45	0
6	46	0
6	47	0
6	48	0
6	49	0
6	50	0
6	51	0
6	52	0
6	53	0
6	54	0
6	55	0
6	56	0
6	57	0
6	58	0
6	59	0
6	60	0
6	61	0
6	62	0
6	63	0
6	64	0
6	65	7
6	66	61
6	67	737
6	68	938
6	69	635
6	70	115
6	71	28
6	72	0
6	73	0
6	74	0
7	8	0
7	9	0
7	10	1288
7	11	508
7	12	68
7	13	2
7	14	0
7	15	0
7	16	0
7	17	0
7	18	0
7	19	0
7	20	0
7	21	0
7	22	0
7	23	0
7	24	0
7	25	0
7	26	0
7	27	0
7	28	0
7	29	0
7	30	0
7	31	0
7	32	0
7	33	0
7	34	0
7	35	0
7	36	5
7	37	0
7	38	0
7	39	0
7	40	0
7	41	0
7	42	0
7	43	0
7	44	0
7	45	0
7	46	0
7	47	0
7	48	0
7	49	0
7	50	0
7	51	0
7	52	0
7	53	0
7	54	0
7	55	0
7	56	0
7	57	0
7	58	0
7	59	0
7	60	0
7	61	0
7	62	0
7	63	0
7	64	23
7	65	1
7	66	0
7	67	575
7	68	945
7	69	671
7	70	227
7	71	597
7	72	7
7	73	0
7	74	0
8	9	0
8	10	0
8	11	1007
8	12	751
8	13	65
8	14	8
8	15	15
8	16	0
8	17	0
8	18	0
8	19	0
8	20	0
8	21	0
8	22	0
8	23	1
8	24	0
8	25	0
8	26	0
8	27	0
8	28	0
8	29	0
8	30	0
8	31	0
8	32	5
8	33	0
8	34	0
8	35	65
8	36	56
8	37	1
8	38	1
8	39	7
8	40	0
8	41	5
8	42	0
8	43	0
8	44	0
8	45	0
8	46	0
8	47	0
8	48	0
8	49	0
8	50	0
8	51	0
8	52	0
8	53	0
8	54	0
8	55	0
8	56	0
8	57	0
8	58	0
8	59	0
8	60	0
8	61	2
8	62	0
8	63	2
8	64	362
8	65	14
8	66	0
8	67	338
8	68	354
8	69	10
8	70	4
8	71	47
8	72	0
8	73	0
8	74	0
9	10	0
9	11	0
9	12	974
9	13	658
9	14	65
9	15	41
9	16	10
9	17	0
9	18	0
9	19	0
9	20	0
9	21	0
9	22	0
9	23	134
9	24	20
9	25	0
9	26	2
9	27	2
9	28	0
9	29	0
9	30	0
9	31	0
9	32	18
9	33	0
9	34	0
9	35	4
9	36	5
9	37	0
9	38	0
9	39	0
9	40	0
9	41	0
9	42	0
9	43	0
9	44	0
9	45	0
9	46	0
9	47	0
9	48	0
9	49	0
9	50	0
9	51	0
9	52	0
9	53	0
9	54	0
9	55	0
9	56	0
9	57	0
9	58	0
9	59	0
9	60	0
9	61	0
9	62	0
9	63	0
9	64	5
9	65	0
9	66	0
9	67	4
9	68	5
9	69	0
9	70	0
9	71	0
9	72	0
9	73	0
9	74	0
10	11	0
10	12	0
10	13	879
10	14	520
10	15	85
10	16	9
10	17	0
10	18	0
10	19	0
10	20	0
10	21	0
10	22	0
10	23	10
10	24	0
10	25	0
10	26	0
10	27	0
10	28	0
10	29	0
10	30	0
10	31	0
10	32	0
10	33	2
10	34	0
10	35	0
10	36	0
10	37	0
10	38	0
10	39	0
10	40	0
10	41	0
10	42	0
10	43	0
10	44	0
10	45	0
10	46	0
10	47	0
10	48	0
10	49	0
10	50	0
10	51	0
10	52	0
10	53	0
10	54	0
10	55	0
10	56	0
10	57	0
10	58	0
10	59	0
10	60	0
10	61	0
10	62	0
10	63	1
10	64	11
10	65	0
10	66	0
10	67	37
10	68	9
10	69	0
10	70	0
10	71	0
10	72	0
10	73	0
10	74	0
11	12	0
11	13	0
11	14	934
11	15	792
11	16	119
11	17	11
11	18	2
11	19	0
11	20	0
11	21	0
11	22	0
11	23	20
11	24	0
11	25	0
11	26	0
11	27	0
11	28	0
11	29	0
11	30	0
11	31	0
11	32	0
11	33	1
11	34	0
11	35	0
11	36	0
11	37	0
11	38	0
11	39	0
11	40	0
11	41	0
11	42	0
11	43	0
11	44	0
11	45	0
11	46	0
11	47	0
11	48	0
11	49	0
11	50	0
11	51	0
11	52	0
11	53	0
11	54	0
11	55	0
11	56	0
11	57	0
11	58	0
11	59	0
11	60	82
11	61	12
11	62	0
11	63	49
11	64	447
11	65	57
11	66	16
11	67	255
11	68	36
11	69	0
11	70	0
11	71	0
11	72	0
11	73	0
11	74	0
12	13	0
12	14	0
12	15	961
12	16	780
12	17	89
12	18	8
12	19	6
12	20	0
12	21	1
12	22	30
12	23	804
12	24	130
12	25	7
12	26	235
12	27	58
12	28	2
12	29	135
12	30	0
12	31	0
12	32	91
12	33	115
12	34	0
12	35	0
12	36	0
12	37	0
12	38	0
12	39	0
12	40	0
12	41	0
12	42	0
12	43	0
12	44	0
12	45	0
12	46	0
12	47	0
12	48	0
12	49	0
12	50	0
12	51	0
12	52	0
12	53	0
12	54	0
12	55	0
12	56	0
12	57	0
12	58	0
12	59	0
12	60	22
12	61	2
12	62	0
12	63	1
12	64	21
12	65	15
12	66	11
12	67	3
12	68	8
12	69	0
12	70	0
12	71	0
12	72	0
12	73	0
12	74	0
13	14	0
13	15	0
13	16	964
13	17	625
13	18	26
13	19	14
13	20	4
13	21	18
13	22	147
13	23	829
13	24	30
13	25	1
13	26	19
13	27	0
13	28	5
13	29	38
13	30	0
13	31	0
13	32	13
13	33	1
13	34	0
13	35	0
13	36	0
13	37	0
13	38	0
13	39	0
13	40	0
13	41	0
13	42	0
13	43	0
13	44	0
13	45	0
13	46	0
13	47	0
13	48	0
13	49	0
13	50	0
13	51	0
13	52	0
13	53	0
13	54	0
13	55	0
13	56	0
13	57	0
13	58	0
13	59	0
13	60	1
13	61	0
13	62	0
13	63	36
13	64	6
13	65	41
13	66	4
13	67	1
13	68	0
13	69	0
13	70	0
13	71	0
13	72	0
13	73	0
13	74	0
14	15	0
14	16	0
14	17	918
14	18	519
14	19	51
14	20	17
14	21	3
14	22	1
14	23	83
14	24	0
14	25	127
14	26	1
14	27	0
14	28	337
14	29	254
14	30	0
14	31	0
14	32	58
14	33	1
14	34	0
14	35	0
14	36	0
14	37	0
14	38	0
14	39	0
14	40	0
14	41	0
14	42	0
14	43	0
14	44	0
14	45	0
14	46	0
14	47	0
14	48	0
14	49	0
14	50	0
14	51	0
14	52	0
14	53	0
14	54	0
14	55	0
14	56	0
14	57	0
14	58	0
14	59	0
14	60	18
14	61	0
14	62	1
14	63	14
14	64	4
14	65	6
14	66	1
14	67	0
14	68	0
14	69	0
14	70	0
14	71	0
14	72	0
14	73	0
14	74	0
15	16	0
15	17	0
15	18	884
15	19	669
15	20	113
15	21	39
15	22	33
15	23	315
15	24	3
15	25	39
15	26	161
15	27	1
15	28	63
15	29	5
15	30	0
15	31	0
15	32	0
15	33	0
15	34	0
15	35	0
15	36	0
15	37	0
15	38	0
15	39	0
15	40	0
15	41	0
15	42	0
15	43	0
15	44	0
15	45	0
15	46	0
15	47	0
15	48	0
15	49	0
15	50	0
15	51	0
15	52	1
15	53	0
15	54	0
15	55	0
15	56	25
15	57	4
15	58	0
15	59	44
15	60	443
15	61	23
15	62	19
15	63	10
15	64	8
15	65	0
15	66	0
15	67	0
15	68	0
15	69	0
15	70	0
15	71	0
15	72	0
15	73	0
15	74	0
16	17	0
16	18	0
16	19	1078
16	20	1367
16	21	870
16	22	816
16	23	928
16	24	133
16	25	445
16	26	486
16	27	3
16	28	48
16	29	0
16	30	0
16	31	0
16	32	0
16	33	0
16	34	0
16	35	0
16	36	0
16	37	0
16	38	0
16	39	0
16	40	0
16	41	0
16	42	0
16	43	0
16	44	0
16	45	0
16	46	0
16	47	0
16	48	0
16	49	0
16	50	0
16	51	0
16	52	0
16	53	0
16	54	3
16	55	67
16	56	0
16	57	0
16	58	0
16	59	0
16	60	5
16	61	2
16	62	62
16	63	4
16	64	0
16	65	0
16	66	0
16	67	0
16	68	0
16	69	0
16	70	0
16	71	0
16	72	0
16	73	0
16	74	0
17	18	0
17	19	0
17	20	1807
17	21	538
17	22	156
17	23	133
17	24	4
17	25	19
17	26	1
17	27	0
17	28	0
17	29	0
17	30	0
17	31	0
17	32	0
17	33	0
17	34	0
17	35	0
17	36	0
17	37	0
17	38	0
17	39	0
17	40	0
17	41	0
17	42	0
17	43	0
17	44	0
17	45	0
17	46	0
17	47	0
17	48	0
17	49	0
17	50	0
17	51	0
17	52	0
17	53	0
17	54	49
17	55	290
17	56	109
17	57	0
17	58	0
17	59	0
17	60	6
17	61	26
17	62	44
17	63	0
17	64	0
17	65	0
17	66	0
17	67	0
17	68	0
17	69	0
17	70	0
17	71	0
17	72	0
17	73	0
17	74	0
18	19	0
18	20	0
18	21	352
18	22	13
18	23	1
18	24	1
18	25	6
18	26	1
18	27	0
18	28	0
18	29	0
18	30	0
18	31	0
18	32	0
18	33	0
18	34	0
18	35	0
18	36	0
18	37	0
18	38	0
18	39	0
18	40	0
18	41	0
18	42	0
18	43	0
18	44	0
18	45	0
18	46	0
18	47	0
18	48	0
18	49	0
18	50	0
18	51	0
18	52	0
18	53	4
18	54	627
18	55	956
18	56	1034
18	57	117
18	58	47
18	59	173
18	60	472
18	61	316
18	62	82
18	63	0
18	64	0
18	65	0
18	66	0
18	67	0
18	68	0
18	69	0
18	70	0
18	71	0
18	72	0
18	73	0
18	74	0
19	20	0
19	21	0
19	22	199
19	23	69
19	24	12
19	25	16
19	26	187
19	27	0
19	28	0
19	29	0
19	30	0
19	31	0
19	32	0
19	33	0
19	34	0
19	35	0
19	36	0
19	37	0
19	38	0
19	39	0
19	40	0
19	41	0
19	42	0
19	43	0
19	44	0
19	45	0
19	46	0
19	47	0
19	48	0
19	49	0
19	50	0
19	51	0
19	52	2
19	53	64
19	54	878
19	55	724
19	56	828
19	57	79
19	58	1
19	59	2
19	60	4
19	61	1
19	62	0
19	63	0
19	64	0
19	65	0
19	66	0
19	67	0
19	68	0
19	69	0
19	70	0
19	71	0
19	72	0
19	73	0
19	74	0
20	21	0
20	22	0
20	23	207
20	24	740
20	25	521
20	26	13
20	27	0
20	28	1
20	29	0
20	30	0
20	31	0
20	32	0
20	33	0
20	34	0
20	35	0
20	36	0
20	37	0
20	38	0
20	39	0
20	40	0
20	41	0
20	42	0
20	43	0
20	44	0
20	45	0
20	46	0
20	47	0
20	48	0
20	49	0
20	50	0
20	51	2
20	52	20
20	53	139
20	54	921
20	55	736
20	56	227
20	57	13
20	58	0
20	59	1
20	60	1
20	61	0
20	62	0
20	63	0
20	64	0
20	65	0
20	66	0
20	67	0
20	68	0
20	69	0
20	70	0
20	71	0
20	72	0
20	73	0
20	74	0
21	22	0
21	23	0
21	24	992
21	25	1182
21	26	390
21	27	15
21	28	2
21	29	0
21	30	0
21	31	0
21	32	0
21	33	0
21	34	0
21	35	0
21	36	0
21	37	0
21	38	0
21	39	0
21	40	0
21	41	0
21	42	0
21	43	0
21	44	0
21	45	0
21	46	0
21	47	0
21	48	0
21	49	10
21	50	94
21	51	655
21	52	791
21	53	857
21	54	987
21	55	680
21	56	69
21	57	35
21	58	0
21	59	0
21	60	0
21	61	0
21	62	0
21	63	0
21	64	0
21	65	0
21	66	0
21	67	0
21	68	0
21	69	0
21	70	0
21	71	0
21	72	0
21	73	0
21	74	0
22	23	0
22	24	0
22	25	1843
22	26	1259
22	27	125
22	28	8
22	29	3
22	30	0
22	31	0
22	32	0
22	33	0
22	34	0
22	35	0
22	36	0
22	37	4
22	38	0
22	39	0
22	40	4
22	41	4
22	42	105
22	43	1
22	44	0
22	45	0
22	46	0
22	47	0
22	48	4
22	49	561
22	50	687
22	51	975
22	52	705
22	53	772
22	54	835
22	55	564
22	56	3
22	57	13
22	58	8
22	59	0
22	60	1
22	61	0
22	62	0
22	63	0
22	64	0
22	65	0
22	66	0
22	67	0
22	68	0
22	69	0
22	70	0
22	71	0
22	72	0
22	73	0
22	74	0
23	24	0
23	25	0
23	26	1811
23	27	1055
23	28	58
23	29	4
23	30	1
23	31	0
23	32	2
23	33	0
23	34	0
23	35	0
23	36	0
23	37	228
23	38	5
23	39	0
23	40	7
23	41	1
23	42	3
23	43	0
23	44	0
23	45	0
23	46	0
23	47	0
23	48	0
23	49	16
23	50	216
23	51	969
23	52	659
23	53	159
23	54	113
23	55	6
23	56	0
23	57	0
23	58	0
23	59	0
23	60	0
23	61	0
23	62	0
23	63	0
23	64	0
23	65	0
23	66	0
23	67	0
23	68	0
23	69	0
23	70	0
23	71	0
23	72	0
23	73	0
23	74	0
24	25	0
24	26	0
24	27	1795
24	28	1188
24	29	533
24	30	17
24	31	11
24	32	162
24	33	1
24	34	0
24	35	0
24	36	0
24	37	25
24	38	0
24	39	0
24	40	0
24	41	0
24	42	0
24	43	0
24	44	0
24	45	0
24	46	0
24	47	0
24	48	0
24	49	0
24	50	1
24	51	208
24	52	41
24	53	9
24	54	66
24	55	13
24	56	0
24	57	0
24	58	0
24	59	0
24	60	0
24	61	0
24	62	0
24	63	0
24	64	0
24	65	0
24	66	0
24	67	0
24	68	0
24	69	0
24	70	0
24	71	0
24	72	0
24	73	0
24	74	0
25	26	0
25	27	0
25	28	1528
25	29	817
25	30	79
25	31	10
25	32	4
25	33	0
25	34	0
25	35	0
25	36	0
25	37	43
25	38	0
25	39	0
25	40	3
25	41	0
25	42	22
25	43	0
25	44	0
25	45	0
25	46	0
25	47	0
25	48	0
25	49	4
25	50	0
25	51	69
25	52	0
25	53	0
25	54	50
25	55	83
25	56	0
25	57	0
25	58	0
25	59	0
25	60	0
25	61	0
25	62	0
25	63	0
25	64	0
25	65	0
25	66	1
25	67	0
25	68	0
25	69	0
25	70	0
25	71	0
25	72	0
25	73	0
25	74	0
26	27	0
26	28	0
26	29	943
26	30	736
26	31	106
26	32	53
26	33	0
26	34	8
26	35	111
26	36	186
26	37	893
26	38	69
26	39	25
26	40	454
26	41	48
26	42	118
26	43	0
26	44	0
26	45	0
26	46	0
26	47	0
26	48	0
26	49	6
26	50	3
26	51	161
26	52	229
26	53	0
26	54	0
26	55	0
26	56	0
26	57	0
26	58	0
26	59	0
26	60	0
26	61	0
26	62	0
26	63	0
26	64	0
26	65	0
26	66	0
26	67	0
26	68	18
26	69	0
26	70	0
26	71	0
26	72	0
26	73	0
26	74	0
27	28	0
27	29	0
27	30	1076
27	31	1418
27	32	880
27	33	27
27	34	27
27	35	82
27	36	192
27	37	674
27	38	7
27	39	0
27	40	10
27	41	0
27	42	0
27	43	0
27	44	0
27	45	0
27	46	0
27	47	0
27	48	4
27	49	18
27	50	26
27	51	40
27	52	115
27	53	0
27	54	0
27	55	0
27	56	0
27	57	0
27	58	0
27	59	0
27	60	0
27	61	0
27	62	0
27	63	0
27	64	0
27	65	0
27	66	0
27	67	0
27	68	0
27	69	0
27	70	0
27	71	0
27	72	0
27	73	0
27	74	0
28	29	0
28	30	0
28	31	1921
28	32	1561
28	33	213
28	34	63
28	35	22
28	36	3
28	37	41
28	38	0
28	39	0
28	40	0
28	41	0
28	42	0
28	43	0
28	44	0
28	45	0
28	46	0
28	47	0
28	48	3
28	49	1
28	50	1
28	51	1
28	52	0
28	53	0
28	54	0
28	55	0
28	56	0
28	57	0
28	58	0
28	59	0
28	60	0
28	61	0
28	62	0
28	63	0
28	64	0
28	65	0
28	66	0
28	67	0
28	68	0
28	69	0
28	70	0
28	71	0
28	72	0
28	73	0
28	74	0
29	30	0
29	31	0
29	32	1832
29	33	1370
29	34	537
29	35	545
29	36	123
29	37	220
29	38	0
29	39	0
29	40	54
29	41	0
29	42	1
29	43	0
29	44	0
29	45	0
29	46	0
29	47	0
29	48	0
29	49	0
29	50	0
29	51	0
29	52	0
29	53	0
29	54	0
29	55	0
29	56	0
29	57	0
29	58	0
29	59	0
29	60	0
29	61	0
29	62	0
29	63	0
29	64	0
29	65	0
29	66	0
29	67	0
29	68	11
29	69	0
29	70	0
29	71	0
29	72	0
29	73	0
29	74	0
30	31	0
30	32	0
30	33	1764
30	34	1561
30	35	1004
30	36	863
30	37	668
30	38	8
30	39	14
30	40	25
30	41	0
30	42	0
30	43	0
30	44	0
30	45	0
30	46	0
30	47	0
30	48	1
30	49	0
30	50	0
30	51	0
30	52	0
30	53	0
30	54	0
30	55	0
30	56	0
30	57	0
30	58	0
30	59	0
30	60	0
30	61	0
30	62	0
30	63	0
30	64	0
30	65	0
30	66	0
30	67	0
30	68	0
30	69	0
30	70	0
30	71	0
30	72	0
30	73	0
30	74	0
31	32	0
31	33	0
31	34	1796
31	35	824
31	36	98
31	37	26
31	38	1
31	39	0
31	40	0
31	41	0
31	42	0
31	43	0
31	44	0
31	45	0
31	46	2
31	47	0
31	48	340
31	49	25
31	50	6
31	51	0
31	52	0
31	53	0
31	54	0
31	55	0
31	56	0
31	57	0
31	58	0
31	59	0
31	60	0
31	61	0
31	62	0
31	63	0
31	64	0
31	65	0
31	66	0
31	67	0
31	68	0
31	69	0
31	70	0
31	71	0
31	72	0
31	73	0
31	74	0
32	33	0
32	34	0
32	35	1058
32	36	539
32	37	36
32	38	4
32	39	0
32	40	0
32	41	0
32	42	0
32	43	0
32	44	0
32	45	0
32	46	0
32	47	0
32	48	11
32	49	1
32	50	0
32	51	0
32	52	0
32	53	0
32	54	0
32	55	0
32	56	0
32	57	0
32	58	0
32	59	0
32	60	0
32	61	0
32	62	0
32	63	0
32	64	0
32	65	0
32	66	0
32	67	0
32	68	0
32	69	0
32	70	0
32	71	0
32	72	0
32	73	0
32	74	0
33	34	0
33	35	0
33	36	950
33	37	630
33	38	58
33	39	0
33	40	0
33	41	0
33	42	0
33	43	0
33	44	0
33	45	0
33	46	0
33	47	0
33	48	0
33	49	0
33	50	0
33	51	0
33	52	0
33	53	0
33	54	0
33	55	0
33	56	0
33	57	0
33	58	0
33	59	0
33	60	0
33	61	0
33	62	0
33	63	0
33	64	0
33	65	0
33	66	0
33	67	0
33	68	0
33	69	0
33	70	0
33	71	0
33	72	0
33	73	0
33	74	0
34	35	0
34	36	0
34	37	978
34	38	727
34	39	37
34	40	0
34	41	0
34	42	0
34	43	0
34	44	0
34	45	0
34	46	93
34	47	7
34	48	165
34	49	1
34	50	0
34	51	0
34	52	0
34	53	0
34	54	0
34	55	0
34	56	0
34	57	0
34	58	0
34	59	0
34	60	0
34	61	0
34	62	0
34	63	0
34	64	0
34	65	0
34	66	0
34	67	0
34	68	0
34	69	0
34	70	0
34	71	0
34	72	0
34	73	0
34	74	0
35	36	0
35	37	0
35	38	1051
35	39	1059
35	40	405
35	41	12
35	42	0
35	43	67
35	44	0
35	45	0
35	46	382
35	47	13
35	48	162
35	49	5
35	50	0
35	51	0
35	52	0
35	53	0
35	54	0
35	55	0
35	56	0
35	57	0
35	58	0
35	59	0
35	60	0
35	61	0
35	62	0
35	63	0
35	64	0
35	65	0
35	66	0
35	67	0
35	68	2
35	69	0
35	70	92
35	71	3
35	72	2
35	73	0
35	74	0
36	37	0
36	38	0
36	39	1406
36	40	475
36	41	1
36	42	0
36	43	0
36	44	0
36	45	0
36	46	2
36	47	0
36	48	0
36	49	0
36	50	0
36	51	0
36	52	0
36	53	0
36	54	0
36	55	0
36	56	0
36	57	0
36	58	0
36	59	0
36	60	0
36	61	0
36	62	0
36	63	0
36	64	0
36	65	0
36	66	0
36	67	0
36	68	0
36	69	0
36	70	26
36	71	7
36	72	12
36	73	0
36	74	0
37	38	0
37	39	0
37	40	914
37	41	124
37	42	5
37	43	0
37	44	0
37	45	0
37	46	10
37	47	0
37	48	0
37	49	0
37	50	0
37	51	13
37	52	0
37	53	0
37	54	0
37	55	0
37	56	0
37	57	0
37	58	0
37	59	0
37	60	0
37	61	0
37	62	0
37	63	0
37	64	0
37	65	0
37	66	0
37	67	0
37	68	1
37	69	0
37	70	33
37	71	9
37	72	1
37	73	0
37	74	0
38	39	0
38	40	0
38	41	285
38	42	10
38	43	14
38	44	0
38	45	33
38	46	563
38	47	24
38	48	9
38	49	0
38	50	0
38	51	1
38	52	0
38	53	0
38	54	0
38	55	0
38	56	0
38	57	0
38	58	0
38	59	0
38	60	0
38	61	0
38	62	0
38	63	0
38	64	0
38	65	0
38	66	0
38	67	0
38	68	0
38	69	0
38	70	72
38	71	224
38	72	121
38	73	57
38	74	0
39	40	0
39	41	0
39	42	232
39	43	54
39	44	0
39	45	39
39	46	325
39	47	0
39	48	0
39	49	0
39	50	0
39	51	0
39	52	0
39	53	0
39	54	0
39	55	0
39	56	0
39	57	0
39	58	0
39	59	0
39	60	0
39	61	0
39	62	0
39	63	0
39	64	0
39	65	4
39	66	0
39	67	0
39	68	120
39	69	155
39	70	913
39	71	949
39	72	833
39	73	302
39	74	0
40	41	0
40	42	0
40	43	274
40	44	39
40	45	694
40	46	713
40	47	23
40	48	3
40	49	6
40	50	2
40	51	3
40	52	0
40	53	0
40	54	0
40	55	0
40	56	0
40	57	0
40	58	0
40	59	0
40	60	0
40	61	0
40	62	0
40	63	0
40	64	0
40	65	26
40	66	0
40	67	14
40	68	669
40	69	685
40	70	928
40	71	677
40	72	93
40	73	0
40	74	0
41	42	0
41	43	0
41	44	41
41	45	319
41	46	251
41	47	5
41	48	559
41	49	316
41	50	59
41	51	7
41	52	0
41	53	0
41	54	0
41	55	0
41	56	0
41	57	0
41	58	0
41	59	0
41	60	0
41	61	9
41	62	7
41	63	0
41	64	179
41	65	827
41	66	71
41	67	229
41	68	1609
41	69	1208
41	70	782
41	71	541
41	72	10
41	73	0
41	74	0
42	43	0
42	44	0
42	45	922
42	46	719
42	47	191
42	48	824
42	49	860
42	50	157
42	51	19
42	52	0
42	53	0
42	54	0
42	55	0
42	56	0
42	57	0
42	58	1
42	59	0
42	60	0
42	61	278
42	62	217
42	63	4
42	64	200
42	65	752
42	66	673
42	67	859
42	68	1050
42	69	625
42	70	79
42	71	4
42	72	0
42	73	0
42	74	0
43	44	0
43	45	0
43	46	1702
43	47	1278
43	48	1337
43	49	1443
43	50	45
43	51	0
43	52	8
43	53	11
43	54	0
43	55	0
43	56	0
43	57	14
43	58	3
43	59	0
43	60	12
43	61	581
43	62	77
43	63	2
43	64	121
43	65	208
43	66	845
43	67	955
43	68	683
43	69	254
43	70	1
43	71	0
43	72	0
43	73	0
43	74	0
44	45	0
44	46	0
44	47	1718
44	48	994
44	49	1212
44	50	26
44	51	0
44	52	4
44	53	29
44	54	0
44	55	5
44	56	0
44	57	4
44	58	188
44	59	11
44	60	208
44	61	63
44	62	2
44	63	0
44	64	79
44	65	351
44	66	923
44	67	628
44	68	28
44	69	0
44	70	0
44	71	0
44	72	0
44	73	0
44	74	0
45	46	0
45	47	0
45	48	351
45	49	126
45	50	0
45	51	0
45	52	0
45	53	0
45	54	0
45	55	0
45	56	0
45	57	0
45	58	85
45	59	16
45	60	43
45	61	0
45	62	0
45	63	0
45	64	13
45	65	23
45	66	164
45	67	41
45	68	0
45	69	0
45	70	0
45	71	0
45	72	0
45	73	0
45	74	0
46	47	0
46	48	0
46	49	588
46	50	2
46	51	0
46	52	0
46	53	0
46	54	0
46	55	0
46	56	0
46	57	0
46	58	0
46	59	0
46	60	0
46	61	0
46	62	0
46	63	0
46	64	0
46	65	0
46	66	12
46	67	28
46	68	0
46	69	0
46	70	0
46	71	0
46	72	0
46	73	0
46	74	0
47	48	0
47	49	0
47	50	103
47	51	0
47	52	0
47	53	0
47	54	0
47	55	0
47	56	0
47	57	0
47	58	70
47	59	0
47	60	0
47	61	0
47	62	0
47	63	0
47	64	0
47	65	0
47	66	6
47	67	5
47	68	0
47	69	0
47	70	0
47	71	0
47	72	0
47	73	0
47	74	0
48	49	0
48	50	0
48	51	18
48	52	7
48	53	3
48	54	0
48	55	0
48	56	0
48	57	0
48	58	4
48	59	0
48	60	0
48	61	0
48	62	0
48	63	0
48	64	0
48	65	0
48	66	10
48	67	31
48	68	10
48	69	5
48	70	0
48	71	0
48	72	0
48	73	0
48	74	0
49	50	0
49	51	0
49	52	674
49	53	839
49	54	47
49	55	80
49	56	0
49	57	29
49	58	193
49	59	1
49	60	1
49	61	1
49	62	0
49	63	0
49	64	0
49	65	0
49	66	35
49	67	9
49	68	4
49	69	0
49	70	0
49	71	0
49	72	0
49	73	0
49	74	0
50	51	0
50	52	0
50	53	1591
50	54	146
50	55	12
50	56	0
50	57	9
50	58	15
50	59	0
50	60	0
50	61	0
50	62	0
50	63	0
50	64	0
50	65	0
50	66	0
50	67	0
50	68	0
50	69	0
50	70	0
50	71	0
50	72	0
50	73	0
50	74	0
51	52	0
51	53	0
51	54	519
51	55	11
51	56	3
51	57	23
51	58	0
51	59	0
51	60	0
51	61	0
51	62	0
51	63	0
51	64	0
51	65	0
51	66	0
51	67	0
51	68	0
51	69	0
51	70	0
51	71	0
51	72	0
51	73	0
51	74	0
52	53	0
52	54	0
52	55	81
52	56	368
52	57	709
52	58	7
52	59	0
52	60	49
52	61	24
52	62	0
52	63	0
52	64	0
52	65	0
52	66	0
52	67	0
52	68	0
52	69	0
52	70	0
52	71	0
52	72	0
52	73	0
52	74	0
53	54	0
53	55	0
53	56	592
53	57	1634
53	58	318
53	59	2
53	60	27
53	61	42
53	62	0
53	63	0
53	64	0
53	65	0
53	66	0
53	67	0
53	68	0
53	69	0
53	70	0
53	71	0
53	72	0
53	73	0
53	74	0
54	55	0
54	56	0
54	57	1807
54	58	838
54	59	74
54	60	46
54	61	4
54	62	0
54	63	0
54	64	0
54	65	0
54	66	0
54	67	0
54	68	0
54	69	0
54	70	0
54	71	0
54	72	0
54	73	0
54	74	0
55	56	0
55	57	0
55	58	1774
55	59	1105
55	60	932
55	61	157
55	62	5
55	63	0
55	64	0
55	65	0
55	66	4
55	67	0
55	68	0
55	69	0
55	70	0
55	71	0
55	72	0
55	73	0
55	74	0
56	57	0
56	58	0
56	59	1894
56	60	1558
56	61	376
56	62	0
56	63	0
56	64	0
56	65	0
56	66	0
56	67	0
56	68	0
56	69	0
56	70	0
56	71	0
56	72	0
56	73	0
56	74	0
57	58	0
57	59	0
57	60	1171
57	61	838
57	62	133
57	63	7
57	64	7
57	65	0
57	66	0
57	67	0
57	68	0
57	69	0
57	70	0
57	71	0
57	72	0
57	73	0
57	74	0
58	59	0
58	60	0
58	61	753
58	62	466
58	63	59
58	64	4
58	65	0
58	66	0
58	67	0
58	68	0
58	69	0
58	70	0
58	71	0
58	72	0
58	73	0
58	74	0
59	60	0
59	61	0
59	62	330
59	63	275
59	64	38
59	65	0
59	66	0
59	67	0
59	68	0
59	69	0
59	70	0
59	71	0
59	72	0
59	73	0
59	74	0
60	61	0
60	62	0
60	63	791
60	64	1231
60	65	105
60	66	79
60	67	0
60	68	0
60	69	0
60	70	0
60	71	0
60	72	0
60	73	0
60	74	0
61	62	0
61	63	0
61	64	1752
61	65	632
61	66	56
61	67	18
61	68	3
61	69	0
61	70	0
61	71	0
61	72	0
61	73	0
61	74	0
62	63	0
62	64	0
62	65	961
62	66	500
62	67	52
62	68	6
62	69	1
62	70	0
62	71	0
62	72	0
62	73	0
62	74	0
63	64	0
63	65	0
63	66	943
63	67	637
63	68	75
63	69	7
63	70	2
63	71	0
63	72	0
63	73	0
63	74	0
64	65	0
64	66	0
64	67	950
64	68	734
64	69	111
64	70	16
64	71	1
64	72	0
64	73	0
64	74	0
65	66	0
65	67	0
65	68	941
65	69	702
65	70	90
65	71	7
65	72	1
65	73	0
65	74	0
66	67	0
66	68	0
66	69	905
66	70	659
66	71	63
66	72	4
66	73	0
66	74	2
67	68	0
67	69	0
67	70	924
67	71	611
67	72	53
67	73	2
67	74	3
68	69	0
68	70	0
68	71	933
68	72	560
68	73	38
68	74	9
69	70	0
69	71	0
69	72	937
69	73	428
69	74	570
70	71	0
70	72	0
70	73	893
70	74	768
71	72	0
71	73	0
71	74	319
72	73	0
72	74	0
73	74	0
