0	1	105
0	2	101
0	3	2
0	4	0
0	5	0
0	6	0
0	7	0
0	8	0
0	9	0
0	10	0
0	11	0
0	12	0
0	13	0
0	14	0
0	15	0
0	16	0
0	17	0
0	18	0
0	19	0
0	20	0
0	21	0
0	22	0
0	23	0
0	24	6
0	25	95
0	26	100
0	27	0
0	28	1
0	29	0
0	30	0
0	31	0
0	32	0
0	33	0
0	34	0
0	35	0
0	36	0
0	37	0
0	38	0
0	39	0
0	40	0
0	41	1
0	42	0
0	43	0
0	44	0
0	45	0
0	46	0
0	47	0
0	48	0
0	49	0
0	50	0
0	51	0
0	52	0
0	53	0
0	54	1
0	55	99
1	2	86
1	3	102
1	4	1
1	5	1
1	6	0
1	7	0
1	8	0
1	9	0
1	10	0
1	11	0
1	12	0
1	13	0
1	14	0
1	15	0
1	16	0
1	17	0
1	18	0
1	19	0
1	20	0
1	21	1
1	22	0
1	23	117
1	24	110
1	25	108
1	26	100
1	27	0
1	28	1
1	29	1
1	30	3
1	31	0
1	32	0
1	33	0
1	34	0
1	35	0
1	36	0
1	37	2
1	38	2
1	39	1
1	40	4
1	41	0
1	42	0
1	43	0
1	44	0
1	45	0
1	46	0
1	47	0
1	48	0
1	49	0
1	50	1
1	51	0
1	52	2
1	53	2
1	54	9
1	55	97
2	3	93
2	4	89
2	5	3
2	6	0
2	7	0
2	8	0
2	9	0
2	10	0
2	11	0
2	12	0
2	13	0
2	14	0
2	15	0
2	16	0
2	17	0
2	18	0
2	19	0
2	20	0
2	21	1
2	22	9
2	23	99
2	24	100
2	25	109
2	26	88
2	27	0
2	28	0
2	29	0
2	30	0
2	31	0
2	32	0
2	33	0
2	34	1
2	35	0
2	36	0
2	37	0
2	38	1
2	39	1
2	40	1
2	41	0
2	42	0
2	43	0
2	44	1
2	45	1
2	46	0
2	47	0
2	48	0
2	49	0
2	50	2
2	51	0
2	52	2
2	53	97
2	54	91
2	55	86
3	4	93
3	5	106
3	6	2
3	7	0
3	8	0
3	9	0
3	10	0
3	11	0
3	12	0
3	13	0
3	14	0
3	15	0
3	16	0
3	17	0
3	18	0
3	19	1
3	20	74
3	21	105
3	22	89
3	23	99
3	24	97
3	25	1
3	26	1
3	27	0
3	28	0
3	29	0
3	30	0
3	31	0
3	32	0
3	33	0
3	34	0
3	35	0
3	36	1
3	37	0
3	38	1
3	39	0
3	40	1
3	41	0
3	42	0
3	43	0
3	44	0
3	45	0
3	46	0
3	47	0
3	48	0
3	49	0
3	50	0
3	51	0
3	52	15
3	53	99
3	54	104
3	55	95
4	5	98
4	6	104
4	7	101
4	8	3
4	9	0
4	10	0
4	11	0
4	12	0
4	13	0
4	14	0
4	15	0
4	16	0
4	17	0
4	18	93
4	19	94
4	20	111
4	21	87
4	22	79
4	23	101
4	24	27
4	25	1
4	26	0
4	27	0
4	28	0
4	29	0
4	30	0
4	31	0
4	32	0
4	33	0
4	34	0
4	35	2
4	36	0
4	37	0
4	38	0
4	39	1
4	40	0
4	41	0
4	42	1
4	43	1
4	44	0
4	45	0
4	46	0
4	47	1
4	48	5
4	49	0
4	50	3
4	51	1
4	52	102
4	53	101
4	54	98
4	55	3
5	6	75
5	7	85
5	8	0
5	9	0
5	10	0
5	11	0
5	12	0
5	13	0
5	14	0
5	15	0
5	16	0
5	17	0
5	18	0
5	19	23
5	20	93
5	21	104
5	22	9
5	23	1
5	24	1
5	25	0
5	26	0
5	27	0
5	28	0
5	29	0
5	30	0
5	31	0
5	32	0
5	33	0
5	34	0
5	35	0
5	36	0
5	37	0
5	38	0
5	39	0
5	40	2
5	41	0
5	42	0
5	43	0
5	44	0
5	45	0
5	46	0
5	47	0
5	48	0
5	49	0
5	50	1
5	51	5
5	52	97
5	53	94
5	54	98
5	55	1
6	7	106
6	8	98
6	9	4
6	10	0
6	11	1
6	12	0
6	13	0
6	14	0
6	15	0
6	16	0
6	17	0
6	18	20
6	19	111
6	20	114
6	21	92
6	22	1
6	23	1
6	24	0
6	25	0
6	26	0
6	27	0
6	28	0
6	29	0
6	30	0
6	31	0
6	32	0
6	33	0
6	34	0
6	35	0
6	36	0
6	37	0
6	38	1
6	39	0
6	40	0
6	41	0
6	42	0
6	43	0
6	44	0
6	45	0
6	46	0
6	47	1
6	48	1
6	49	0
6	50	0
6	51	0
6	52	92
6	53	57
6	54	0
6	55	0
7	8	77
7	9	87
7	10	1
7	11	0
7	12	0
7	13	0
7	14	0
7	15	0
7	16	0
7	17	84
7	18	88
7	19	112
7	20	96
7	21	13
7	22	8
7	23	1
7	24	0
7	25	0
7	26	0
7	27	0
7	28	0
7	29	0
7	30	0
7	31	0
7	32	0
7	33	0
7	34	0
7	35	0
7	36	0
7	37	0
7	38	0
7	39	0
7	40	0
7	41	0
7	42	0
7	43	0
7	44	0
7	45	0
7	46	0
7	47	0
7	48	0
7	49	2
7	50	1
7	51	0
7	52	11
7	53	0
7	54	0
7	55	0
8	9	89
8	10	99
8	11	1
8	12	0
8	13	0
8	14	0
8	15	2
8	16	56
8	17	87
8	18	109
8	19	99
8	20	42
8	21	0
8	22	0
8	23	1
8	24	2
8	25	1
8	26	0
8	27	0
8	28	0
8	29	0
8	30	0
8	31	0
8	32	0
8	33	2
8	34	0
8	35	0
8	36	0
8	37	0
8	38	0
8	39	0
8	40	0
8	41	0
8	42	0
8	43	0
8	44	0
8	45	1
8	46	0
8	47	1
8	48	7
8	49	6
8	50	0
8	51	1
8	52	25
8	53	0
8	54	0
8	55	0
9	10	96
9	11	89
9	12	2
9	13	1
9	14	0
9	15	13
9	16	81
9	17	111
9	18	89
9	19	15
9	20	2
9	21	0
9	22	0
9	23	0
9	24	0
9	25	0
9	26	0
9	27	0
9	28	0
9	29	0
9	30	0
9	31	0
9	32	0
9	33	0
9	34	0
9	35	1
9	36	0
9	37	0
9	38	0
9	39	0
9	40	0
9	41	0
9	42	0
9	43	0
9	44	0
9	45	0
9	46	0
9	47	0
9	48	1
9	49	0
9	50	0
9	51	0
9	52	0
9	53	0
9	54	0
9	55	1
10	11	109
10	12	101
10	13	88
10	14	63
10	15	103
10	16	94
10	17	100
10	18	20
10	19	0
10	20	1
10	21	0
10	22	0
10	23	0
10	24	0
10	25	0
10	26	0
10	27	0
10	28	0
10	29	0
10	30	0
10	31	0
10	32	0
10	33	0
10	34	0
10	35	0
10	36	0
10	37	1
10	38	0
10	39	0
10	40	0
10	41	0
10	42	0
10	43	1
10	44	0
10	45	0
10	46	0
10	47	3
10	48	8
10	49	3
10	50	0
10	51	0
10	52	0
10	53	0
10	54	0
10	55	0
11	12	96
11	13	118
11	14	51
11	15	85
11	16	13
11	17	15
11	18	0
11	19	0
11	20	0
11	21	0
11	22	0
11	23	0
11	24	0
11	25	0
11	26	0
11	27	0
11	28	0
11	29	0
11	30	0
11	31	0
11	32	0
11	33	0
11	34	0
11	35	1
11	36	0
11	37	0
11	38	0
11	39	0
11	40	0
11	41	0
11	42	0
11	43	0
11	44	0
11	45	1
11	46	0
11	47	0
11	48	0
11	49	1
11	50	0
11	51	0
11	52	0
11	53	0
11	54	0
11	55	0
12	13	92
12	14	98
12	15	103
12	16	17
12	17	2
12	18	0
12	19	0
12	20	0
12	21	0
12	22	0
12	23	0
12	24	1
12	25	0
12	26	0
12	27	0
12	28	0
12	29	0
12	30	0
12	31	0
12	32	0
12	33	0
12	34	0
12	35	0
12	36	0
12	37	0
12	38	0
12	39	0
12	40	0
12	41	0
12	42	0
12	43	0
12	44	0
12	45	0
12	46	0
12	47	0
12	48	0
12	49	0
12	50	0
12	51	0
12	52	0
12	53	0
12	54	0
12	55	0
13	14	94
13	15	107
13	16	90
13	17	2
13	18	0
13	19	0
13	20	0
13	21	0
13	22	0
13	23	0
13	24	0
13	25	1
13	26	0
13	27	0
13	28	0
13	29	1
13	30	0
13	31	1
13	32	0
13	33	0
13	34	0
13	35	1
13	36	0
13	37	0
13	38	0
13	39	0
13	40	0
13	41	0
13	42	0
13	43	0
13	44	1
13	45	1
13	46	59
13	47	2
13	48	0
13	49	0
13	50	0
13	51	0
13	52	0
13	53	0
13	54	0
13	55	0
14	15	109
14	16	98
14	17	1
14	18	0
14	19	0
14	20	0
14	21	0
14	22	0
14	23	0
14	24	0
14	25	0
14	26	0
14	27	0
14	28	0
14	29	0
14	30	0
14	31	0
14	32	0
14	33	0
14	34	1
14	35	0
14	36	1
14	37	1
14	38	0
14	39	0
14	40	0
14	41	0
14	42	0
14	43	0
14	44	0
14	45	4
14	46	96
14	47	103
14	48	0
14	49	0
14	50	0
14	51	0
14	52	0
14	53	0
14	54	0
14	55	0
15	16	95
15	17	109
15	18	0
15	19	0
15	20	0
15	21	0
15	22	0
15	23	0
15	24	0
15	25	0
15	26	0
15	27	0
15	28	0
15	29	0
15	30	0
15	31	0
15	32	0
15	33	0
15	34	7
15	35	3
15	36	12
15	37	1
15	38	0
15	39	0
15	40	0
15	41	1
15	42	0
15	43	0
15	44	0
15	45	8
15	46	113
15	47	108
15	48	103
15	49	11
15	50	1
15	51	0
15	52	0
15	53	0
15	54	0
15	55	0
16	17	92
16	18	99
16	19	0
16	20	0
16	21	0
16	22	0
16	23	0
16	24	1
16	25	0
16	26	1
16	27	0
16	28	0
16	29	0
16	30	0
16	31	0
16	32	0
16	33	0
16	34	0
16	35	0
16	36	4
16	37	8
16	38	2
16	39	5
16	40	0
16	41	0
16	42	1
16	43	0
16	44	75
16	45	97
16	46	81
16	47	100
16	48	107
16	49	4
16	50	0
16	51	0
16	52	1
16	53	0
16	54	0
16	55	1
17	18	98
17	19	108
17	20	1
17	21	0
17	22	0
17	23	0
17	24	0
17	25	0
17	26	0
17	27	0
17	28	0
17	29	0
17	30	0
17	31	0
17	32	0
17	33	0
17	34	0
17	35	0
17	36	0
17	37	0
17	38	0
17	39	0
17	40	0
17	41	0
17	42	0
17	43	0
17	44	3
17	45	0
17	46	6
17	47	1
17	48	51
17	49	2
17	50	1
17	51	0
17	52	0
17	53	0
17	54	0
17	55	0
18	19	104
18	20	92
18	21	2
18	22	102
18	23	3
18	24	0
18	25	0
18	26	0
18	27	1
18	28	0
18	29	0
18	30	0
18	31	0
18	32	0
18	33	0
18	34	0
18	35	0
18	36	1
18	37	1
18	38	0
18	39	34
18	40	0
18	41	2
18	42	1
18	43	0
18	44	1
18	45	1
18	46	0
18	47	1
18	48	11
18	49	1
18	50	0
18	51	0
18	52	3
18	53	0
18	54	0
18	55	0
19	20	89
19	21	95
19	22	104
19	23	4
19	24	1
19	25	1
19	26	0
19	27	0
19	28	0
19	29	0
19	30	0
19	31	0
19	32	0
19	33	0
19	34	0
19	35	0
19	36	0
19	37	0
19	38	1
19	39	0
19	40	0
19	41	1
19	42	2
19	43	0
19	44	0
19	45	0
19	46	0
19	47	1
19	48	0
19	49	0
19	50	0
19	51	0
19	52	1
19	53	3
19	54	0
19	55	0
20	21	109
20	22	105
20	23	6
20	24	0
20	25	0
20	26	1
20	27	1
20	28	0
20	29	0
20	30	0
20	31	1
20	32	0
20	33	0
20	34	0
20	35	0
20	36	0
20	37	0
20	38	1
20	39	0
20	40	0
20	41	0
20	42	0
20	43	0
20	44	0
20	45	0
20	46	0
20	47	0
20	48	0
20	49	0
20	50	0
20	51	1
20	52	3
20	53	2
20	54	0
20	55	0
21	22	77
21	23	113
21	24	3
21	25	0
21	26	0
21	27	0
21	28	0
21	29	0
21	30	0
21	31	0
21	32	0
21	33	1
21	34	0
21	35	0
21	36	0
21	37	0
21	38	0
21	39	2
21	40	1
21	41	1
21	42	1
21	43	1
21	44	0
21	45	0
21	46	0
21	47	0
21	48	0
21	49	0
21	50	0
21	51	0
21	52	0
21	53	2
21	54	0
21	55	0
22	23	99
22	24	85
22	25	0
22	26	1
22	27	0
22	28	0
22	29	0
22	30	0
22	31	0
22	32	0
22	33	0
22	34	0
22	35	0
22	36	0
22	37	0
22	38	2
22	39	80
22	40	106
22	41	83
22	42	1
22	43	0
22	44	0
22	45	0
22	46	0
22	47	0
22	48	1
22	49	0
22	50	0
22	51	0
22	52	0
22	53	3
22	54	0
22	55	0
23	24	93
23	25	110
23	26	4
23	27	0
23	28	0
23	29	0
23	30	0
23	31	0
23	32	0
23	33	0
23	34	0
23	35	0
23	36	0
23	37	0
23	38	7
23	39	99
23	40	121
23	41	105
23	42	2
23	43	0
23	44	1
23	45	0
23	46	0
23	47	0
23	48	1
23	49	0
23	50	0
23	51	0
23	52	0
23	53	5
23	54	3
23	55	1
24	25	105
24	26	111
24	27	5
24	28	0
24	29	0
24	30	0
24	31	0
24	32	0
24	33	0
24	34	0
24	35	1
24	36	2
24	37	97
24	38	92
24	39	93
24	40	85
24	41	51
24	42	2
24	43	8
24	44	0
24	45	4
24	46	0
24	47	0
24	48	1
24	49	1
24	50	1
24	51	0
24	52	0
24	53	3
24	54	3
24	55	3
25	26	98
25	27	115
25	28	4
25	29	0
25	30	0
25	31	0
25	32	0
25	33	0
25	34	0
25	35	0
25	36	2
25	37	110
25	38	89
25	39	100
25	40	105
25	41	0
25	42	0
25	43	0
25	44	1
25	45	4
25	46	1
25	47	0
25	48	0
25	49	0
25	50	2
25	51	1
25	52	0
25	53	0
25	54	1
25	55	1
26	27	99
26	28	102
26	29	98
26	30	0
26	31	0
26	32	2
26	33	0
26	34	1
26	35	88
26	36	101
26	37	111
26	38	115
26	39	5
26	40	1
26	41	0
26	42	0
26	43	0
26	44	0
26	45	1
26	46	1
26	47	1
26	48	1
26	49	0
26	50	0
26	51	1
26	52	1
26	53	0
26	54	1
26	55	1
27	28	106
27	29	109
27	30	2
27	31	1
27	32	0
27	33	1
27	34	0
27	35	105
27	36	84
27	37	102
27	38	77
27	39	1
27	40	0
27	41	0
27	42	0
27	43	0
27	44	0
27	45	1
27	46	2
27	47	1
27	48	0
27	49	0
27	50	0
27	51	0
27	52	0
27	53	0
27	54	0
27	55	0
28	29	101
28	30	99
28	31	96
28	32	6
28	33	1
28	34	3
28	35	102
28	36	98
28	37	100
28	38	0
28	39	0
28	40	0
28	41	0
28	42	0
28	43	0
28	44	0
28	45	0
28	46	0
28	47	7
28	48	0
28	49	1
28	50	0
28	51	0
28	52	0
28	53	0
28	54	0
28	55	0
29	30	94
29	31	114
29	32	87
29	33	102
29	34	91
29	35	108
29	36	102
29	37	11
29	38	0
29	39	0
29	40	0
29	41	0
29	42	0
29	43	0
29	44	0
29	45	0
29	46	0
29	47	0
29	48	1
29	49	1
29	50	9
29	51	0
29	52	0
29	53	1
29	54	0
29	55	0
30	31	94
30	32	94
30	33	77
30	34	4
30	35	82
30	36	2
30	37	0
30	38	0
30	39	0
30	40	0
30	41	0
30	42	0
30	43	0
30	44	0
30	45	0
30	46	0
30	47	0
30	48	0
30	49	1
30	50	0
30	51	0
30	52	0
30	53	0
30	54	0
30	55	0
31	32	93
31	33	89
31	34	82
31	35	82
31	36	5
31	37	0
31	38	0
31	39	0
31	40	0
31	41	0
31	42	0
31	43	0
31	44	0
31	45	0
31	46	0
31	47	1
31	48	0
31	49	0
31	50	0
31	51	0
31	52	0
31	53	0
31	54	0
31	55	0
32	33	94
32	34	107
32	35	91
32	36	2
32	37	0
32	38	0
32	39	0
32	40	0
32	41	0
32	42	0
32	43	0
32	44	0
32	45	0
32	46	0
32	47	1
32	48	1
32	49	4
32	50	2
32	51	0
32	52	0
32	53	0
32	54	0
32	55	0
33	34	112
33	35	94
33	36	1
33	37	2
33	38	0
33	39	0
33	40	0
33	41	0
33	42	0
33	43	0
33	44	0
33	45	0
33	46	0
33	47	3
33	48	14
33	49	109
33	50	117
33	51	82
33	52	0
33	53	0
33	54	0
33	55	0
34	35	86
34	36	103
34	37	3
34	38	1
34	39	0
34	40	0
34	41	0
34	42	0
34	43	1
34	44	0
34	45	0
34	46	4
34	47	87
34	48	92
34	49	99
34	50	92
34	51	9
34	52	0
34	53	0
34	54	0
34	55	0
35	36	108
35	37	106
35	38	0
35	39	0
35	40	0
35	41	0
35	42	0
35	43	0
35	44	1
35	45	1
35	46	38
35	47	105
35	48	93
35	49	107
35	50	101
35	51	2
35	52	0
35	53	0
35	54	1
35	55	1
36	37	98
36	38	82
36	39	0
36	40	0
36	41	0
36	42	0
36	43	1
36	44	0
36	45	83
36	46	87
36	47	101
36	48	106
36	49	3
36	50	4
36	51	0
36	52	0
36	53	0
36	54	1
36	55	0
37	38	93
37	39	99
37	40	0
37	41	0
37	42	0
37	43	1
37	44	18
37	45	93
37	46	95
37	47	85
37	48	100
37	49	0
37	50	2
37	51	0
37	52	0
37	53	0
37	54	1
37	55	0
38	39	105
38	40	84
38	41	12
38	42	29
38	43	98
38	44	89
38	45	88
38	46	99
38	47	3
38	48	2
38	49	0
38	50	0
38	51	0
38	52	0
38	53	0
38	54	0
38	55	0
39	40	103
39	41	91
39	42	90
39	43	108
39	44	101
39	45	100
39	46	5
39	47	1
39	48	3
39	49	0
39	50	0
39	51	0
39	52	0
39	53	0
39	54	0
39	55	1
40	41	96
40	42	83
40	43	97
40	44	35
40	45	0
40	46	0
40	47	0
40	48	0
40	49	0
40	50	0
40	51	0
40	52	1
40	53	0
40	54	1
40	55	0
41	42	102
41	43	110
41	44	33
41	45	2
41	46	0
41	47	1
41	48	0
41	49	0
41	50	0
41	51	0
41	52	0
41	53	0
41	54	0
41	55	0
42	43	104
42	44	111
42	45	9
42	46	1
42	47	0
42	48	0
42	49	0
42	50	0
42	51	0
42	52	0
42	53	0
42	54	0
42	55	0
43	44	91
43	45	107
43	46	0
43	47	0
43	48	1
43	49	0
43	50	0
43	51	0
43	52	0
43	53	0
43	54	1
43	55	0
44	45	100
44	46	99
44	47	0
44	48	0
44	49	0
44	50	0
44	51	0
44	52	0
44	53	0
44	54	0
44	55	0
45	46	115
45	47	92
45	48	1
45	49	0
45	50	0
45	51	0
45	52	0
45	53	0
45	54	0
45	55	0
46	47	78
46	48	95
46	49	0
46	50	0
46	51	0
46	52	0
46	53	0
46	54	0
46	55	0
47	48	99
47	49	95
47	50	9
47	51	0
47	52	0
47	53	0
47	54	0
47	55	0
48	49	114
48	50	121
48	51	7
48	52	79
48	53	13
48	54	0
48	55	1
49	50	116
49	51	113
49	52	118
49	53	88
49	54	0
49	55	0
50	51	114
50	52	89
50	53	108
50	54	45
50	55	1
51	52	86
51	53	103
51	54	77
51	55	1
52	53	103
52	54	87
52	55	2
53	54	95
53	55	116
54	55	99
