0	1	645
0	2	374
0	3	79
0	4	79
0	5	85
0	6	130
0	7	18
0	8	24
0	9	57
0	10	14
0	11	75
0	12	85
0	13	180
0	14	103
0	15	63
0	16	69
0	17	307
0	18	59
0	19	95
0	20	38
0	21	46
0	22	36
0	23	74
0	24	50
0	25	45
0	26	34
0	27	11
0	28	25
0	29	22
0	30	58
0	31	28
0	32	44
0	33	15
0	34	33
0	35	22
0	36	17
0	37	56
0	38	11
0	39	23
0	40	25
0	41	62
0	42	16
0	43	73
0	44	12
0	45	12
0	46	16
0	47	48
0	48	18
0	49	34
0	50	37
0	51	34
0	52	7
0	53	24
0	54	18
0	55	14
0	56	24
0	57	25
0	58	11
0	59	21
0	60	34
0	61	0
1	2	621
1	3	104
1	4	59
1	5	59
1	6	89
1	7	29
1	8	33
1	9	54
1	10	7
1	11	62
1	12	74
1	13	136
1	14	89
1	15	47
1	16	44
1	17	235
1	18	42
1	19	76
1	20	24
1	21	39
1	22	28
1	23	46
1	24	44
1	25	33
1	26	32
1	27	14
1	28	16
1	29	13
1	30	37
1	31	21
1	32	29
1	33	6
1	34	21
1	35	19
1	36	18
1	37	33
1	38	22
1	39	15
1	40	14
1	41	38
1	42	13
1	43	57
1	44	10
1	45	7
1	46	10
1	47	34
1	48	25
1	49	17
1	50	35
1	51	22
1	52	6
1	53	21
1	54	10
1	55	6
1	56	15
1	57	30
1	58	7
1	59	13
1	60	23
1	61	0
2	3	122
2	4	147
2	5	148
2	6	178
2	7	26
2	8	41
2	9	85
2	10	20
2	11	89
2	12	143
2	13	226
2	14	115
2	15	79
2	16	77
2	17	324
2	18	55
2	19	92
2	20	33
2	21	37
2	22	22
2	23	59
2	24	39
2	25	40
2	26	41
2	27	14
2	28	31
2	29	15
2	30	48
2	31	23
2	32	37
2	33	10
2	34	27
2	35	17
2	36	16
2	37	39
2	38	7
2	39	17
2	40	14
2	41	36
2	42	11
2	43	44
2	44	13
2	45	8
2	46	7
2	47	44
2	48	9
2	49	31
2	50	40
2	51	31
2	52	6
2	53	24
2	54	10
2	55	9
2	56	11
2	57	13
2	58	7
2	59	11
2	60	19
2	61	0
3	4	214
3	5	92
3	6	54
3	7	0
3	8	10
3	9	22
3	10	12
3	11	18
3	12	49
3	13	65
3	14	36
3	15	25
3	16	21
3	17	99
3	18	23
3	19	17
3	20	12
3	21	13
3	22	0
3	23	10
3	24	9
3	25	11
3	26	8
3	27	0
3	28	10
3	29	2
3	30	14
3	31	4
3	32	6
3	33	3
3	34	6
3	35	3
3	36	2
3	37	7
3	38	0
3	39	5
3	40	3
3	41	9
3	42	7
3	43	14
3	44	2
3	45	1
3	46	0
3	47	10
3	48	1
3	49	10
3	50	8
3	51	10
3	52	2
3	53	2
3	54	2
3	55	4
3	56	3
3	57	1
3	58	3
3	59	2
3	60	7
3	61	0
4	5	119
4	6	122
4	7	33
4	8	24
4	9	55
4	10	5
4	11	68
4	12	85
4	13	120
4	14	85
4	15	25
4	16	57
4	17	156
4	18	26
4	19	50
4	20	12
4	21	12
4	22	13
4	23	31
4	24	17
4	25	10
4	26	7
4	27	6
4	28	11
4	29	6
4	30	19
4	31	13
4	32	9
4	33	2
4	34	12
4	35	5
4	36	2
4	37	11
4	38	2
4	39	3
4	40	6
4	41	19
4	42	3
4	43	17
4	44	4
4	45	4
4	46	3
4	47	11
4	48	7
4	49	8
4	50	18
4	51	13
4	52	2
4	53	21
4	54	6
4	55	3
4	56	8
4	57	11
4	58	1
4	59	4
4	60	7
4	61	0
5	6	433
5	7	67
5	8	72
5	9	111
5	10	15
5	11	206
5	12	271
5	13	338
5	14	186
5	15	64
5	16	125
5	17	368
5	18	62
5	19	123
5	20	15
5	21	24
5	22	22
5	23	53
5	24	37
5	25	22
5	26	24
5	27	17
5	28	22
5	29	16
5	30	36
5	31	17
5	32	21
5	33	6
5	34	20
5	35	7
5	36	8
5	37	18
5	38	4
5	39	7
5	40	6
5	41	29
5	42	8
5	43	26
5	44	7
5	45	6
5	46	5
5	47	19
5	48	10
5	49	17
5	50	32
5	51	22
5	52	6
5	53	30
5	54	12
5	55	2
5	56	10
5	57	11
5	58	3
5	59	8
5	60	8
5	61	0
6	7	119
6	8	212
6	9	395
6	10	92
6	11	413
6	12	605
6	13	600
6	14	303
6	15	130
6	16	173
6	17	615
6	18	102
6	19	134
6	20	39
6	21	33
6	22	26
6	23	54
6	24	36
6	25	41
6	26	46
6	27	9
6	28	41
6	29	19
6	30	49
6	31	22
6	32	26
6	33	10
6	34	20
6	35	11
6	36	11
6	37	27
6	38	6
6	39	11
6	40	12
6	41	35
6	42	7
6	43	61
6	44	9
6	45	11
6	46	6
6	47	44
6	48	11
6	49	34
6	50	49
6	51	42
6	52	11
6	53	40
6	54	11
6	55	8
6	56	15
6	57	15
6	58	8
6	59	13
6	60	23
6	61	0
7	8	71
7	9	86
7	10	30
7	11	47
7	12	53
7	13	81
7	14	37
7	15	25
7	16	21
7	17	76
7	18	23
7	19	10
7	20	6
7	21	9
7	22	0
7	23	9
7	24	9
7	25	9
7	26	7
7	27	0
7	28	5
7	29	1
7	30	4
7	31	3
7	32	4
7	33	2
7	34	3
7	35	0
7	36	1
7	37	9
7	38	0
7	39	2
7	40	3
7	41	5
7	42	3
7	43	8
7	44	2
7	45	0
7	46	0
7	47	6
7	48	0
7	49	7
7	50	10
7	51	5
7	52	4
7	53	1
7	54	1
7	55	0
7	56	2
7	57	0
7	58	3
7	59	1
7	60	4
7	61	0
8	9	317
8	10	59
8	11	124
8	12	102
8	13	129
8	14	80
8	15	38
8	16	55
8	17	146
8	18	25
8	19	33
8	20	11
8	21	11
8	22	3
8	23	18
8	24	11
8	25	9
8	26	10
8	27	2
8	28	5
8	29	5
8	30	16
8	31	5
8	32	8
8	33	4
8	34	5
8	35	2
8	36	3
8	37	9
8	38	1
8	39	4
8	40	3
8	41	12
8	42	2
8	43	13
8	44	2
8	45	0
8	46	2
8	47	8
8	48	4
8	49	7
8	50	14
8	51	11
8	52	3
8	53	10
8	54	5
8	55	1
8	56	4
8	57	4
8	58	1
8	59	5
8	60	7
8	61	0
9	10	280
9	11	257
9	12	183
9	13	229
9	14	141
9	15	92
9	16	73
9	17	274
9	18	54
9	19	64
9	20	18
9	21	23
9	22	10
9	23	36
9	24	22
9	25	26
9	26	28
9	27	4
9	28	21
9	29	13
9	30	214
9	31	12
9	32	19
9	33	3
9	34	12
9	35	10
9	36	5
9	37	22
9	38	5
9	39	10
9	40	6
9	41	22
9	42	7
9	43	35
9	44	3
9	45	7
9	46	3
9	47	23
9	48	7
9	49	13
9	50	31
9	51	26
9	52	4
9	53	25
9	54	10
9	55	5
9	56	8
9	57	10
9	58	3
9	59	9
9	60	18
9	61	0
10	11	113
10	12	52
10	13	50
10	14	43
10	15	17
10	16	27
10	17	47
10	18	9
10	19	24
10	20	3
10	21	1
10	22	8
10	23	9
10	24	6
10	25	2
10	26	5
10	27	5
10	28	4
10	29	3
10	30	5
10	31	4
10	32	3
10	33	0
10	34	3
10	35	1
10	36	1
10	37	4
10	38	1
10	39	1
10	40	1
10	41	3
10	42	1
10	43	6
10	44	1
10	45	0
10	46	1
10	47	2
10	48	0
10	49	2
10	50	5
10	51	5
10	52	2
10	53	6
10	54	3
10	55	1
10	56	2
10	57	7
10	58	0
10	59	1
10	60	3
10	61	0
11	12	578
11	13	354
11	14	126
11	15	83
11	16	76
11	17	282
11	18	59
11	19	67
11	20	21
11	21	25
11	22	12
11	23	29
11	24	22
11	25	20
11	26	29
11	27	8
11	28	22
11	29	10
11	30	25
11	31	9
11	32	12
11	33	6
11	34	14
11	35	10
11	36	6
11	37	17
11	38	2
11	39	7
11	40	7
11	41	14
11	42	8
11	43	27
11	44	3
11	45	5
11	46	5
11	47	15
11	48	4
11	49	19
11	50	26
11	51	22
11	52	4
11	53	20
11	54	9
11	55	6
11	56	10
11	57	8
11	58	6
11	59	7
11	60	10
11	61	0
12	13	937
12	14	270
12	15	146
12	16	175
12	17	564
12	18	74
12	19	88
12	20	17
12	21	27
12	22	15
12	23	35
12	24	23
12	25	29
12	26	28
12	27	6
12	28	23
12	29	16
12	30	25
12	31	16
12	32	24
12	33	5
12	34	16
12	35	7
12	36	7
12	37	17
12	38	5
12	39	9
12	40	9
12	41	20
12	42	8
12	43	24
12	44	5
12	45	3
12	46	5
12	47	20
12	48	7
12	49	20
12	50	28
12	51	21
12	52	3
12	53	28
12	54	11
12	55	4
12	56	8
12	57	47
12	58	6
12	59	7
12	60	16
12	61	0
13	14	955
13	15	381
13	16	351
13	17	928
13	18	146
13	19	208
13	20	47
13	21	56
13	22	132
13	23	81
13	24	61
13	25	52
13	26	52
13	27	21
13	28	47
13	29	32
13	30	63
13	31	29
13	32	46
13	33	19
13	34	35
13	35	17
13	36	18
13	37	40
13	38	7
13	39	15
13	40	15
13	41	49
13	42	19
13	43	61
13	44	12
13	45	13
13	46	8
13	47	46
13	48	16
13	49	41
13	50	59
13	51	47
13	52	17
13	53	52
13	54	14
13	55	10
13	56	23
13	57	27
13	58	6
13	59	15
13	60	58
13	61	0
14	15	841
14	16	487
14	17	738
14	18	117
14	19	127
14	20	34
14	21	36
14	22	19
14	23	44
14	24	44
14	25	34
14	26	32
14	27	15
14	28	42
14	29	18
14	30	53
14	31	21
14	32	29
14	33	10
14	34	20
14	35	17
14	36	8
14	37	24
14	38	5
14	39	13
14	40	10
14	41	35
14	42	13
14	43	45
14	44	13
14	45	5
14	46	8
14	47	27
14	48	12
14	49	33
14	50	44
14	51	37
14	52	11
14	53	51
14	54	10
14	55	7
14	56	10
14	57	14
14	58	7
14	59	10
14	60	23
14	61	0
15	16	401
15	17	365
15	18	75
15	19	90
15	20	23
15	21	26
15	22	18
15	23	44
15	24	32
15	25	23
15	26	22
15	27	9
15	28	21
15	29	9
15	30	31
15	31	8
15	32	19
15	33	5
15	34	15
15	35	6
15	36	5
15	37	15
15	38	3
15	39	6
15	40	7
15	41	20
15	42	6
15	43	31
15	44	4
15	45	2
15	46	5
15	47	19
15	48	7
15	49	18
15	50	35
15	51	32
15	52	5
15	53	32
15	54	10
15	55	3
15	56	7
15	57	14
15	58	4
15	59	9
15	60	15
15	61	0
16	17	773
16	18	75
16	19	69
16	20	16
16	21	23
16	22	15
16	23	63
16	24	19
16	25	20
16	26	17
16	27	11
16	28	27
16	29	13
16	30	30
16	31	10
16	32	12
16	33	7
16	34	13
16	35	4
16	36	5
16	37	13
16	38	3
16	39	8
16	40	5
16	41	15
16	42	6
16	43	25
16	44	6
16	45	3
16	46	4
16	47	12
16	48	6
16	49	16
16	50	26
16	51	34
16	52	11
16	53	53
16	54	5
16	55	4
16	56	7
16	57	8
16	58	4
16	59	7
16	60	8
16	61	0
17	18	864
17	19	688
17	20	105
17	21	127
17	22	66
17	23	150
17	24	108
17	25	105
17	26	108
17	27	41
17	28	139
17	29	62
17	30	170
17	31	64
17	32	108
17	33	34
17	34	99
17	35	39
17	36	33
17	37	98
17	38	18
17	39	33
17	40	45
17	41	114
17	42	38
17	43	156
17	44	32
17	45	27
17	46	21
17	47	102
17	48	113
17	49	101
17	50	156
17	51	1398
17	52	34
17	53	164
17	54	39
17	55	25
17	56	66
17	57	42
17	58	44
17	59	28
17	60	82
17	61	0
18	19	1275
18	20	68
18	21	80
18	22	40
18	23	102
18	24	75
18	25	81
18	26	72
18	27	39
18	28	73
18	29	40
18	30	95
18	31	45
18	32	70
18	33	18
18	34	55
18	35	30
18	36	21
18	37	55
18	38	14
18	39	18
18	40	18
18	41	66
18	42	20
18	43	83
18	44	20
18	45	12
18	46	14
18	47	53
18	48	35
18	49	58
18	50	92
18	51	52
18	52	10
18	53	61
18	54	34
18	55	11
18	56	23
18	57	34
18	58	8
18	59	15
18	60	32
18	61	0
19	20	342
19	21	323
19	22	82
19	23	247
19	24	195
19	25	218
19	26	224
19	27	41
19	28	213
19	29	83
19	30	228
19	31	96
19	32	164
19	33	74
19	34	98
19	35	62
19	36	48
19	37	135
19	38	24
19	39	60
19	40	55
19	41	157
19	42	58
19	43	233
19	44	45
19	45	31
19	46	29
19	47	165
19	48	42
19	49	170
19	50	181
19	51	98
19	52	24
19	53	114
19	54	58
19	55	41
19	56	72
19	57	45
19	58	30
19	59	47
19	60	74
19	61	0
20	21	691
20	22	277
20	23	295
20	24	224
20	25	184
20	26	168
20	27	55
20	28	93
20	29	68
20	30	134
20	31	47
20	32	116
20	33	33
20	34	88
20	35	47
20	36	40
20	37	71
20	38	22
20	39	36
20	40	41
20	41	108
20	42	90
20	43	129
20	44	28
20	45	23
20	46	29
20	47	84
20	48	39
20	49	69
20	50	103
20	51	53
20	52	12
20	53	57
20	54	41
20	55	17
20	56	44
20	57	39
20	58	16
20	59	28
20	60	67
20	61	0
21	22	618
21	23	510
21	24	335
21	25	258
21	26	225
21	27	33
21	28	89
21	29	65
21	30	169
21	31	64
21	32	120
21	33	41
21	34	101
21	35	53
21	36	52
21	37	105
21	38	25
21	39	46
21	40	45
21	41	116
21	42	37
21	43	140
21	44	38
21	45	26
21	46	35
21	47	113
21	48	40
21	49	77
21	50	100
21	51	53
21	52	12
21	53	62
21	54	51
21	55	26
21	56	58
21	57	56
21	58	21
21	59	38
21	60	50
21	61	0
22	23	548
22	24	208
22	25	180
22	26	181
22	27	3
22	28	67
22	29	34
22	30	116
22	31	40
22	32	63
22	33	35
22	34	44
22	35	30
22	36	21
22	37	83
22	38	8
22	39	34
22	40	18
22	41	70
22	42	30
22	43	120
22	44	24
22	45	18
22	46	6
22	47	92
22	48	12
22	49	53
22	50	58
22	51	39
22	52	7
22	53	10
22	54	26
22	55	19
22	56	27
22	57	15
22	58	16
22	59	16
22	60	40
22	61	0
23	24	1362
23	25	648
23	26	481
23	27	60
23	28	160
23	29	90
23	30	252
23	31	85
23	32	142
23	33	61
23	34	126
23	35	60
23	36	178
23	37	142
23	38	30
23	39	66
23	40	62
23	41	167
23	42	67
23	43	240
23	44	52
23	45	30
23	46	38
23	47	168
23	48	51
23	49	137
23	50	134
23	51	95
23	52	21
23	53	66
23	54	447
23	55	34
23	56	60
23	57	52
23	58	28
23	59	45
23	60	75
23	61	0
24	25	658
24	26	460
24	27	53
24	28	104
24	29	66
24	30	199
24	31	69
24	32	119
24	33	44
24	34	86
24	35	49
24	36	44
24	37	126
24	38	25
24	39	53
24	40	43
24	41	123
24	42	45
24	43	179
24	44	37
24	45	30
24	46	22
24	47	118
24	48	48
24	49	81
24	50	115
24	51	68
24	52	17
24	53	55
24	54	40
24	55	26
24	56	51
24	57	38
24	58	19
24	59	32
24	60	61
24	61	0
25	26	1170
25	27	94
25	28	124
25	29	63
25	30	182
25	31	89
25	32	133
25	33	39
25	34	110
25	35	51
25	36	50
25	37	117
25	38	29
25	39	49
25	40	45
25	41	123
25	42	29
25	43	166
25	44	32
25	45	32
25	46	29
25	47	120
25	48	37
25	49	85
25	50	94
25	51	61
25	52	16
25	53	47
25	54	48
25	55	28
25	56	58
25	57	58
25	58	26
25	59	30
25	60	50
25	61	0
26	27	122
26	28	127
26	29	55
26	30	183
26	31	83
26	32	112
26	33	38
26	34	90
26	35	51
26	36	47
26	37	98
26	38	25
26	39	52
26	40	45
26	41	120
26	42	30
26	43	150
26	44	37
26	45	30
26	46	29
26	47	91
26	48	35
26	49	79
26	50	109
26	51	68
26	52	15
26	53	50
26	54	45
26	55	28
26	56	50
26	57	52
26	58	21
26	59	37
26	60	55
26	61	0
27	28	358
27	29	31
27	30	84
27	31	21
27	32	23
27	33	22
27	34	22
27	35	7
27	36	9
27	37	30
27	38	3
27	39	14
27	40	12
27	41	33
27	42	15
27	43	46
27	44	9
27	45	6
27	46	3
27	47	30
27	48	5
27	49	29
27	50	38
27	51	23
27	52	5
27	53	19
27	54	11
27	55	6
27	56	11
27	57	3
27	58	10
27	59	7
27	60	12
27	61	0
28	29	115
28	30	236
28	31	53
28	32	112
28	33	30
28	34	63
28	35	30
28	36	19
28	37	51
28	38	13
28	39	24
28	40	21
28	41	88
28	42	34
28	43	113
28	44	21
28	45	14
28	46	15
28	47	63
28	48	28
28	49	65
28	50	98
28	51	62
28	52	13
28	53	99
28	54	28
28	55	13
28	56	31
28	57	26
28	58	21
28	59	20
28	60	25
28	61	0
29	30	712
29	31	93
29	32	103
29	33	32
29	34	54
29	35	35
29	36	28
29	37	75
29	38	15
29	39	29
29	40	33
29	41	83
29	42	20
29	43	116
29	44	18
29	45	12
29	46	18
29	47	74
29	48	25
29	49	69
29	50	73
29	51	48
29	52	12
29	53	52
29	54	27
29	55	16
29	56	26
29	57	20
29	58	8
29	59	16
29	60	26
29	61	0
30	31	277
30	32	386
30	33	86
30	34	213
30	35	111
30	36	96
30	37	224
30	38	44
30	39	97
30	40	105
30	41	216
30	42	72
30	43	288
30	44	56
30	45	55
30	46	67
30	47	198
30	48	72
30	49	163
30	50	202
30	51	115
30	52	26
30	53	122
30	54	79
30	55	44
30	56	81
30	57	81
30	58	43
30	59	53
30	60	80
30	61	0
31	32	462
31	33	61
31	34	99
31	35	53
31	36	33
31	37	110
31	38	22
31	39	52
31	40	41
31	41	94
31	42	36
31	43	122
31	44	37
31	45	24
31	46	16
31	47	86
31	48	38
31	49	78
31	50	59
31	51	48
31	52	10
31	53	33
31	54	34
31	55	16
31	56	35
31	57	42
31	58	23
31	59	23
31	60	42
31	61	0
32	33	220
32	34	234
32	35	128
32	36	89
32	37	5407
32	38	45
32	39	83
32	40	83
32	41	202
32	42	53
32	43	268
32	44	46
32	45	44
32	46	34
32	47	173
32	48	64
32	49	133
32	50	139
32	51	79
32	52	13
32	53	62
32	54	64
32	55	39
32	56	55
32	57	63
32	58	29
32	59	42
32	60	62
32	61	0
33	34	279
33	35	85
33	36	46
33	37	69
33	38	29
33	39	33
33	40	33
33	41	107
33	42	31
33	43	110
33	44	23
33	45	24
33	46	24
33	47	65
33	48	22
33	49	41
33	50	57
33	51	25
33	52	7
33	53	30
33	54	28
33	55	12
33	56	32
33	57	29
33	58	7
33	59	18
33	60	26
33	61	0
34	35	491
34	36	184
34	37	390
34	38	90
34	39	136
34	40	133
34	41	298
34	42	85
34	43	393
34	44	82
34	45	68
34	46	54
34	47	238
34	48	52
34	49	152
34	50	166
34	51	78
34	52	18
34	53	60
34	54	64
34	55	52
34	56	77
34	57	62
34	58	23
34	59	68
34	60	71
34	61	0
35	36	159
35	37	279
35	38	50
35	39	85
35	40	80
35	41	179
35	42	47
35	43	244
35	44	33
35	45	35
35	46	33
35	47	153
35	48	26
35	49	89
35	50	81
35	51	52
35	52	9
35	53	36
35	54	38
35	55	26
35	56	50
35	57	37
35	58	27
35	59	33
35	60	55
35	61	0
36	37	598
36	38	55
36	39	110
36	40	89
36	41	178
36	42	49
36	43	220
36	44	39
36	45	34
36	46	36
36	47	132
36	48	26
36	49	74
36	50	70
36	51	38
36	52	71
36	53	25
36	54	40
36	55	23
36	56	44
36	57	26
36	58	21
36	59	34
36	60	46
36	61	0
37	38	1097
37	39	316
37	40	256
37	41	536
37	42	113
37	43	497
37	44	116
37	45	87
37	46	89
37	47	308
37	48	106
37	49	160
37	50	202
37	51	116
37	52	15
37	53	97
37	54	108
37	55	54
37	56	128
37	57	140
37	58	48
37	59	88
37	60	125
37	61	0
38	39	165
38	40	73
38	41	150
38	42	27
38	43	149
38	44	33
38	45	24
38	46	15
38	47	85
38	48	13
38	49	56
38	50	45
38	51	30
38	52	6
38	53	16
38	54	25
38	55	14
38	56	24
38	57	20
38	58	11
38	59	18
38	60	27
38	61	0
39	40	411
39	41	522
39	42	78
39	43	309
39	44	63
39	45	51
39	46	44
39	47	179
39	48	51
39	49	80
39	50	89
39	51	57
39	52	11
39	53	37
39	54	54
39	55	28
39	56	71
39	57	64
39	58	25
39	59	40
39	60	58
39	61	0
40	41	769
40	42	100
40	43	371
40	44	59
40	45	43
40	46	32
40	47	169
40	48	32
40	49	89
40	50	102
40	51	60
40	52	8
40	53	34
40	54	45
40	55	21
40	56	55
40	57	46
40	58	29
40	59	43
40	60	62
40	61	0
41	42	446
41	43	1117
41	44	180
41	45	115
41	46	104
41	47	423
41	48	86
41	49	235
41	50	236
41	51	131
41	52	25
41	53	118
41	54	92
41	55	70
41	56	182
41	57	104
41	58	52
41	59	87
41	60	126
41	61	0
42	43	987
42	44	93
42	45	55
42	46	43
42	47	137
42	48	38
42	49	71
42	50	94
42	51	59
42	52	11
42	53	55
42	54	33
42	55	18
42	56	45
42	57	47
42	58	15
42	59	31
42	60	54
42	61	0
43	44	839
43	45	306
43	46	225
43	47	608
43	48	183
43	49	312
43	50	375
43	51	191
43	52	43
43	53	224
43	54	158
43	55	101
43	56	196
43	57	187
43	58	81
43	59	141
43	60	261
43	61	0
44	45	108
44	46	59
44	47	172
44	48	41
44	49	85
44	50	77
44	51	47
44	52	9
44	53	36
44	54	29
44	55	27
44	56	47
44	57	40
44	58	16
44	59	25
44	60	46
44	61	0
45	46	82
45	47	167
45	48	41
45	49	63
45	50	71
45	51	35
45	52	8
45	53	22
45	54	38
45	55	17
45	56	42
45	57	34
45	58	11
45	59	25
45	60	35
45	61	0
46	47	277
46	48	29
46	49	85
46	50	74
46	51	45
46	52	7
46	53	24
46	54	31
46	55	25
46	56	37
46	57	21
46	58	13
46	59	16
46	60	36
46	61	0
47	48	342
47	49	420
47	50	357
47	51	193
47	52	27
47	53	145
47	54	150
47	55	87
47	56	201
47	57	176
47	58	57
47	59	114
47	60	154
47	61	0
48	49	411
48	50	131
48	51	83
48	52	10
48	53	74
48	54	48
48	55	33
48	56	48
48	57	28
48	58	24
48	59	30
48	60	47
48	61	0
49	50	1053
49	51	336
49	52	63
49	53	246
49	54	121
49	55	60
49	56	142
49	57	139
49	58	38
49	59	85
49	60	120
49	61	0
50	51	1234
50	52	125
50	53	391
50	54	150
50	55	78
50	56	151
50	57	125
50	58	45
50	59	92
50	60	152
50	61	0
51	52	203
51	53	384
51	54	115
51	55	54
51	56	111
51	57	88
51	58	36
51	59	74
51	60	103
51	61	0
52	53	165
52	54	25
52	55	12
52	56	23
52	57	14
52	58	5
52	59	11
52	60	22
52	61	0
53	54	96
53	55	55
53	56	72
53	57	58
53	58	31
53	59	41
53	60	68
53	61	0
54	55	345
54	56	267
54	57	131
54	58	62
54	59	92
54	60	140
54	61	0
55	56	349
55	57	149
55	58	42
55	59	78
55	60	108
55	61	0
56	57	729
56	58	150
56	59	221
56	60	297
56	61	0
57	58	538
57	59	343
57	60	536
57	61	0
58	59	289
58	60	339
58	61	0
59	60	1977
59	61	0
60	61	0
