0	1	478
0	2	0
0	3	181
0	4	0
0	5	21
0	6	0
0	7	218
0	8	18
0	9	8
0	10	0
0	11	0
0	12	156
0	13	15
0	14	67
0	15	0
0	16	0
0	17	79
0	18	0
0	19	0
0	20	4
0	21	18
0	22	2
0	23	0
0	24	0
0	25	30
0	26	0
0	27	3
0	28	0
0	29	0
0	30	0
0	31	13
0	32	25
0	33	51
0	34	1
0	35	0
0	36	0
0	37	18
0	38	0
0	39	0
0	40	0
0	41	0
0	42	2
0	43	0
0	44	14
0	45	0
0	46	2
0	47	15
0	48	0
0	49	0
0	50	19
0	51	0
0	52	2
0	53	0
0	54	0
0	55	0
0	56	0
0	57	19
0	58	0
0	59	40
0	60	0
0	61	1
0	62	35
0	63	0
0	64	4
0	65	0
0	66	22
0	67	40
0	68	50
0	69	3
0	70	0
0	71	0
0	72	14
0	73	25
0	74	25
0	75	0
0	76	18
0	77	3
0	78	15
0	79	0
0	80	12
0	81	0
0	82	0
0	83	0
0	84	38
0	85	5
0	86	26
0	87	153
0	88	1
0	89	0
0	90	28
0	91	0
0	92	0
0	93	3
0	94	26
0	95	35
0	96	12
0	97	2
0	98	0
0	99	24
0	100	0
0	101	0
0	102	0
0	103	1
0	104	15
0	105	0
0	106	0
0	107	0
1	2	0
1	3	0
1	4	0
1	5	126
1	6	0
1	7	61
1	8	0
1	9	25
1	10	0
1	11	0
1	12	0
1	13	65
1	14	5
1	15	0
1	16	0
1	17	0
1	18	0
1	19	0
1	20	9
1	21	0
1	22	11
1	23	0
1	24	0
1	25	16
1	26	0
1	27	9
1	28	0
1	29	0
1	30	0
1	31	0
1	32	7
1	33	7
1	34	4
1	35	0
1	36	0
1	37	0
1	38	0
1	39	0
1	40	0
1	41	0
1	42	4
1	43	0
1	44	0
1	45	0
1	46	3
1	47	5
1	48	0
1	49	0
1	50	0
1	51	0
1	52	9
1	53	0
1	54	0
1	55	0
1	56	0
1	57	0
1	58	0
1	59	9
1	60	0
1	61	10
1	62	0
1	63	0
1	64	15
1	65	0
1	66	8
1	67	0
1	68	17
1	69	4
1	70	6
1	71	0
1	72	0
1	73	2
1	74	14
1	75	3
1	76	0
1	77	9
1	78	0
1	79	0
1	80	6
1	81	0
1	82	3
1	83	0
1	84	0
1	85	23
1	86	0
1	87	18
1	88	11
1	89	0
1	90	0
1	91	0
1	92	0
1	93	12
1	94	0
1	95	4
1	96	1
1	97	6
1	98	0
1	99	0
1	100	0
1	101	0
1	102	0
1	103	6
1	104	0
1	105	6
1	106	0
1	107	0
2	3	0
2	4	0
2	5	0
2	6	0
2	7	0
2	8	0
2	9	0
2	10	0
2	11	0
2	12	0
2	13	0
2	14	0
2	15	0
2	16	0
2	17	0
2	18	0
2	19	0
2	20	0
2	21	0
2	22	0
2	23	0
2	24	0
2	25	0
2	26	0
2	27	0
2	28	0
2	29	0
2	30	0
2	31	0
2	32	0
2	33	0
2	34	0
2	35	0
2	36	0
2	37	0
2	38	0
2	39	0
2	40	0
2	41	0
2	42	0
2	43	0
2	44	0
2	45	0
2	46	0
2	47	0
2	48	0
2	49	0
2	50	0
2	51	0
2	52	0
2	53	0
2	54	0
2	55	0
2	56	0
2	57	0
2	58	0
2	59	0
2	60	0
2	61	0
2	62	0
2	63	0
2	64	0
2	65	0
2	66	0
2	67	0
2	68	0
2	69	0
2	70	0
2	71	0
2	72	0
2	73	0
2	74	0
2	75	0
2	76	0
2	77	0
2	78	0
2	79	0
2	80	0
2	81	0
2	82	0
2	83	0
2	84	0
2	85	0
2	86	0
2	87	0
2	88	0
2	89	0
2	90	0
2	91	0
2	92	0
2	93	0
2	94	0
2	95	0
2	96	0
2	97	0
2	98	0
2	99	0
2	100	0
2	101	0
2	102	0
2	103	0
2	104	0
2	105	0
2	106	0
2	107	0
3	4	0
3	5	84
3	6	0
3	7	46
3	8	0
3	9	32
3	10	0
3	11	0
3	12	0
3	13	57
3	14	5
3	15	0
3	16	0
3	17	0
3	18	0
3	19	0
3	20	20
3	21	0
3	22	11
3	23	0
3	24	0
3	25	16
3	26	0
3	27	9
3	28	0
3	29	0
3	30	0
3	31	0
3	32	6
3	33	8
3	34	4
3	35	0
3	36	0
3	37	0
3	38	0
3	39	0
3	40	0
3	41	0
3	42	3
3	43	0
3	44	0
3	45	0
3	46	4
3	47	6
3	48	0
3	49	0
3	50	0
3	51	0
3	52	3
3	53	0
3	54	0
3	55	0
3	56	0
3	57	0
3	58	0
3	59	4
3	60	0
3	61	6
3	62	0
3	63	0
3	64	10
3	65	0
3	66	3
3	67	0
3	68	13
3	69	4
3	70	5
3	71	0
3	72	0
3	73	2
3	74	17
3	75	2
3	76	0
3	77	10
3	78	0
3	79	0
3	80	6
3	81	0
3	82	1
3	83	0
3	84	0
3	85	14
3	86	0
3	87	17
3	88	6
3	89	0
3	90	0
3	91	0
3	92	0
3	93	16
3	94	0
3	95	3
3	96	0
3	97	4
3	98	0
3	99	0
3	100	0
3	101	0
3	102	0
3	103	3
3	104	0
3	105	3
3	106	0
3	107	0
4	5	0
4	6	0
4	7	0
4	8	0
4	9	0
4	10	0
4	11	0
4	12	0
4	13	0
4	14	0
4	15	0
4	16	0
4	17	0
4	18	0
4	19	0
4	20	0
4	21	0
4	22	0
4	23	0
4	24	0
4	25	0
4	26	0
4	27	0
4	28	0
4	29	0
4	30	0
4	31	0
4	32	0
4	33	0
4	34	0
4	35	0
4	36	0
4	37	0
4	38	0
4	39	0
4	40	0
4	41	0
4	42	0
4	43	0
4	44	0
4	45	0
4	46	0
4	47	0
4	48	0
4	49	0
4	50	0
4	51	0
4	52	0
4	53	0
4	54	0
4	55	0
4	56	0
4	57	0
4	58	0
4	59	0
4	60	0
4	61	0
4	62	0
4	63	0
4	64	0
4	65	0
4	66	0
4	67	0
4	68	0
4	69	0
4	70	0
4	71	0
4	72	0
4	73	0
4	74	0
4	75	0
4	76	0
4	77	0
4	78	0
4	79	0
4	80	0
4	81	0
4	82	0
4	83	0
4	84	0
4	85	0
4	86	0
4	87	0
4	88	0
4	89	0
4	90	0
4	91	0
4	92	0
4	93	0
4	94	0
4	95	0
4	96	0
4	97	0
4	98	0
4	99	0
4	100	0
4	101	0
4	102	0
4	103	0
4	104	0
4	105	0
4	106	0
4	107	0
5	6	0
5	7	265
5	8	22
5	9	0
5	10	0
5	11	0
5	12	93
5	13	0
5	14	38
5	15	0
5	16	0
5	17	41
5	18	0
5	19	0
5	20	0
5	21	11
5	22	0
5	23	0
5	24	0
5	25	15
5	26	0
5	27	0
5	28	0
5	29	0
5	30	0
5	31	3
5	32	9
5	33	12
5	34	0
5	35	0
5	36	0
5	37	14
5	38	0
5	39	0
5	40	0
5	41	0
5	42	0
5	43	0
5	44	10
5	45	0
5	46	0
5	47	4
5	48	0
5	49	0
5	50	9
5	51	0
5	52	0
5	53	0
5	54	0
5	55	0
5	56	0
5	57	10
5	58	0
5	59	13
5	60	0
5	61	0
5	62	16
5	63	0
5	64	0
5	65	0
5	66	6
5	67	15
5	68	18
5	69	0
5	70	0
5	71	0
5	72	6
5	73	9
5	74	12
5	75	0
5	76	8
5	77	0
5	78	9
5	79	0
5	80	1
5	81	0
5	82	0
5	83	0
5	84	11
5	85	0
5	86	11
5	87	63
5	88	0
5	89	0
5	90	12
5	91	0
5	92	0
5	93	0
5	94	12
5	95	10
5	96	8
5	97	0
5	98	0
5	99	4
5	100	0
5	101	0
5	102	0
5	103	0
5	104	4
5	105	0
5	106	0
5	107	0
6	7	0
6	8	0
6	9	0
6	10	0
6	11	0
6	12	0
6	13	0
6	14	0
6	15	0
6	16	0
6	17	0
6	18	0
6	19	0
6	20	0
6	21	0
6	22	0
6	23	0
6	24	0
6	25	0
6	26	0
6	27	0
6	28	0
6	29	0
6	30	0
6	31	0
6	32	0
6	33	0
6	34	0
6	35	0
6	36	0
6	37	0
6	38	0
6	39	0
6	40	0
6	41	0
6	42	0
6	43	0
6	44	0
6	45	0
6	46	0
6	47	0
6	48	0
6	49	0
6	50	0
6	51	0
6	52	0
6	53	0
6	54	0
6	55	0
6	56	0
6	57	0
6	58	0
6	59	0
6	60	0
6	61	0
6	62	0
6	63	0
6	64	0
6	65	0
6	66	0
6	67	0
6	68	0
6	69	0
6	70	0
6	71	0
6	72	0
6	73	0
6	74	0
6	75	0
6	76	0
6	77	0
6	78	0
6	79	0
6	80	0
6	81	0
6	82	0
6	83	0
6	84	0
6	85	0
6	86	0
6	87	0
6	88	0
6	89	0
6	90	0
6	91	0
6	92	0
6	93	0
6	94	0
6	95	0
6	96	0
6	97	0
6	98	0
6	99	0
6	100	0
6	101	0
6	102	0
6	103	0
6	104	0
6	105	0
6	106	0
6	107	0
7	8	80
7	9	55
7	10	0
7	11	0
7	12	89
7	13	132
7	14	35
7	15	0
7	16	0
7	17	28
7	18	0
7	19	0
7	20	11
7	21	9
7	22	18
7	23	0
7	24	0
7	25	22
7	26	0
7	27	11
7	28	0
7	29	0
7	30	0
7	31	3
7	32	19
7	33	17
7	34	4
7	35	0
7	36	0
7	37	8
7	38	0
7	39	0
7	40	0
7	41	0
7	42	9
7	43	0
7	44	5
7	45	0
7	46	5
7	47	18
7	48	0
7	49	0
7	50	4
7	51	0
7	52	7
7	53	0
7	54	0
7	55	0
7	56	0
7	57	5
7	58	0
7	59	16
7	60	0
7	61	12
7	62	9
7	63	0
7	64	21
7	65	0
7	66	15
7	67	9
7	68	27
7	69	5
7	70	3
7	71	0
7	72	4
7	73	8
7	74	23
7	75	5
7	76	4
7	77	8
7	78	1
7	79	0
7	80	11
7	81	0
7	82	4
7	83	0
7	84	7
7	85	21
7	86	8
7	87	52
7	88	13
7	89	0
7	90	6
7	91	0
7	92	0
7	93	17
7	94	4
7	95	15
7	96	9
7	97	5
7	98	0
7	99	4
7	100	0
7	101	0
7	102	0
7	103	5
7	104	4
7	105	5
7	106	0
7	107	0
8	9	6
8	10	0
8	11	0
8	12	0
8	13	7
8	14	1
8	15	0
8	16	0
8	17	0
8	18	0
8	19	0
8	20	0
8	21	0
8	22	0
8	23	0
8	24	0
8	25	0
8	26	0
8	27	0
8	28	0
8	29	0
8	30	0
8	31	0
8	32	0
8	33	0
8	34	0
8	35	0
8	36	0
8	37	0
8	38	0
8	39	0
8	40	0
8	41	0
8	42	1
8	43	0
8	44	0
8	45	0
8	46	0
8	47	1
8	48	0
8	49	0
8	50	0
8	51	0
8	52	0
8	53	0
8	54	0
8	55	0
8	56	0
8	57	0
8	58	0
8	59	0
8	60	0
8	61	1
8	62	0
8	63	0
8	64	2
8	65	0
8	66	0
8	67	0
8	68	1
8	69	0
8	70	0
8	71	0
8	72	0
8	73	0
8	74	2
8	75	0
8	76	0
8	77	0
8	78	0
8	79	0
8	80	0
8	81	0
8	82	0
8	83	0
8	84	0
8	85	2
8	86	0
8	87	1
8	88	0
8	89	0
8	90	0
8	91	0
8	92	0
8	93	1
8	94	0
8	95	0
8	96	0
8	97	0
8	98	0
8	99	0
8	100	0
8	101	0
8	102	0
8	103	1
8	104	0
8	105	0
8	106	0
8	107	0
9	10	0
9	11	0
9	12	176
9	13	0
9	14	47
9	15	0
9	16	0
9	17	34
9	18	0
9	19	0
9	20	0
9	21	6
9	22	0
9	23	0
9	24	0
9	25	9
9	26	0
9	27	0
9	28	0
9	29	0
9	30	0
9	31	2
9	32	6
9	33	8
9	34	0
9	35	0
9	36	0
9	37	7
9	38	0
9	39	0
9	40	0
9	41	0
9	42	0
9	43	0
9	44	5
9	45	0
9	46	0
9	47	3
9	48	0
9	49	0
9	50	7
9	51	0
9	52	0
9	53	0
9	54	0
9	55	0
9	56	0
9	57	6
9	58	0
9	59	9
9	60	0
9	61	0
9	62	9
9	63	0
9	64	0
9	65	0
9	66	5
9	67	12
9	68	11
9	69	0
9	70	0
9	71	0
9	72	8
9	73	9
9	74	4
9	75	0
9	76	2
9	77	0
9	78	4
9	79	0
9	80	2
9	81	0
9	82	0
9	83	0
9	84	7
9	85	0
9	86	9
9	87	24
9	88	0
9	89	0
9	90	7
9	91	0
9	92	0
9	93	0
9	94	6
9	95	7
9	96	3
9	97	0
9	98	0
9	99	4
9	100	0
9	101	0
9	102	0
9	103	0
9	104	3
9	105	0
9	106	0
9	107	0
10	11	0
10	12	0
10	13	0
10	14	0
10	15	0
10	16	0
10	17	0
10	18	0
10	19	0
10	20	0
10	21	0
10	22	0
10	23	0
10	24	0
10	25	0
10	26	0
10	27	0
10	28	0
10	29	0
10	30	0
10	31	0
10	32	0
10	33	0
10	34	0
10	35	0
10	36	0
10	37	0
10	38	0
10	39	0
10	40	0
10	41	0
10	42	0
10	43	0
10	44	0
10	45	0
10	46	0
10	47	0
10	48	0
10	49	0
10	50	0
10	51	0
10	52	0
10	53	0
10	54	0
10	55	0
10	56	0
10	57	0
10	58	0
10	59	0
10	60	0
10	61	0
10	62	0
10	63	0
10	64	0
10	65	0
10	66	0
10	67	0
10	68	0
10	69	0
10	70	0
10	71	0
10	72	0
10	73	0
10	74	0
10	75	0
10	76	0
10	77	0
10	78	0
10	79	0
10	80	0
10	81	0
10	82	0
10	83	0
10	84	0
10	85	0
10	86	0
10	87	0
10	88	0
10	89	0
10	90	0
10	91	0
10	92	0
10	93	0
10	94	0
10	95	0
10	96	0
10	97	0
10	98	0
10	99	0
10	100	0
10	101	0
10	102	0
10	103	0
10	104	0
10	105	0
10	106	0
10	107	0
11	12	0
11	13	0
11	14	0
11	15	0
11	16	0
11	17	0
11	18	0
11	19	0
11	20	0
11	21	0
11	22	0
11	23	0
11	24	0
11	25	0
11	26	0
11	27	0
11	28	0
11	29	0
11	30	0
11	31	0
11	32	0
11	33	0
11	34	0
11	35	0
11	36	0
11	37	0
11	38	0
11	39	0
11	40	0
11	41	0
11	42	0
11	43	0
11	44	0
11	45	0
11	46	0
11	47	0
11	48	0
11	49	0
11	50	0
11	51	0
11	52	0
11	53	0
11	54	0
11	55	0
11	56	0
11	57	0
11	58	0
11	59	0
11	60	0
11	61	0
11	62	0
11	63	0
11	64	0
11	65	0
11	66	0
11	67	0
11	68	0
11	69	0
11	70	0
11	71	0
11	72	0
11	73	0
11	74	0
11	75	0
11	76	0
11	77	0
11	78	0
11	79	0
11	80	0
11	81	0
11	82	0
11	83	0
11	84	0
11	85	0
11	86	0
11	87	0
11	88	0
11	89	0
11	90	0
11	91	0
11	92	0
11	93	0
11	94	0
11	95	0
11	96	0
11	97	0
11	98	0
11	99	0
11	100	0
11	101	0
11	102	0
11	103	0
11	104	0
11	105	0
11	106	0
11	107	0
12	13	541
12	14	39
12	15	0
12	16	0
12	17	0
12	18	0
12	19	0
12	20	33
12	21	0
12	22	36
12	23	0
12	24	0
12	25	41
12	26	0
12	27	25
12	28	0
12	29	0
12	30	0
12	31	0
12	32	20
12	33	13
12	34	12
12	35	0
12	36	0
12	37	0
12	38	0
12	39	0
12	40	0
12	41	0
12	42	8
12	43	0
12	44	0
12	45	0
12	46	8
12	47	24
12	48	0
12	49	0
12	50	0
12	51	0
12	52	12
12	53	0
12	54	0
12	55	0
12	56	0
12	57	0
12	58	0
12	59	13
12	60	0
12	61	20
12	62	0
12	63	0
12	64	27
12	65	0
12	66	10
12	67	0
12	68	33
12	69	12
12	70	14
12	71	0
12	72	0
12	73	4
12	74	29
12	75	5
12	76	0
12	77	21
12	78	0
12	79	0
12	80	12
12	81	0
12	82	5
12	83	0
12	84	0
12	85	44
12	86	0
12	87	33
12	88	18
12	89	0
12	90	0
12	91	0
12	92	0
12	93	22
12	94	0
12	95	6
12	96	2
12	97	9
12	98	0
12	99	0
12	100	0
12	101	0
12	102	0
12	103	5
12	104	0
12	105	7
12	106	0
12	107	0
13	14	471
13	15	0
13	16	0
13	17	107
13	18	0
13	19	0
13	20	0
13	21	32
13	22	0
13	23	0
13	24	0
13	25	40
13	26	0
13	27	0
13	28	0
13	29	0
13	30	0
13	31	20
13	32	27
13	33	45
13	34	0
13	35	0
13	36	0
13	37	22
13	38	0
13	39	0
13	40	0
13	41	0
13	42	0
13	43	0
13	44	25
13	45	0
13	46	0
13	47	16
13	48	0
13	49	0
13	50	17
13	51	0
13	52	0
13	53	0
13	54	0
13	55	0
13	56	0
13	57	28
13	58	0
13	59	31
13	60	0
13	61	0
13	62	59
13	63	0
13	64	0
13	65	0
13	66	22
13	67	41
13	68	40
13	69	1
13	70	0
13	71	0
13	72	20
13	73	16
13	74	17
13	75	0
13	76	17
13	77	0
13	78	14
13	79	0
13	80	9
13	81	0
13	82	0
13	83	0
13	84	36
13	85	0
13	86	36
13	87	88
13	88	0
13	89	0
13	90	25
13	91	0
13	92	0
13	93	0
13	94	21
13	95	29
13	96	10
13	97	0
13	98	0
13	99	15
13	100	0
13	101	0
13	102	0
13	103	0
13	104	9
13	105	0
13	106	0
13	107	0
14	15	0
14	16	0
14	17	14
14	18	0
14	19	0
14	20	21
14	21	3
14	22	20
14	23	0
14	24	0
14	25	26
14	26	0
14	27	15
14	28	0
14	29	0
14	30	0
14	31	0
14	32	16
14	33	11
14	34	9
14	35	0
14	36	0
14	37	3
14	38	0
14	39	0
14	40	0
14	41	0
14	42	6
14	43	0
14	44	1
14	45	0
14	46	5
14	47	10
14	48	0
14	49	0
14	50	2
14	51	0
14	52	8
14	53	0
14	54	0
14	55	0
14	56	0
14	57	3
14	58	0
14	59	12
14	60	0
14	61	12
14	62	7
14	63	0
14	64	15
14	65	0
14	66	13
14	67	4
14	68	20
14	69	6
14	70	6
14	71	0
14	72	1
14	73	5
14	74	20
14	75	6
14	76	2
14	77	8
14	78	2
14	79	0
14	80	5
14	81	0
14	82	3
14	83	0
14	84	4
14	85	25
14	86	5
14	87	30
14	88	12
14	89	0
14	90	3
14	91	0
14	92	0
14	93	9
14	94	2
14	95	6
14	96	3
14	97	4
14	98	0
14	99	2
14	100	0
14	101	0
14	102	0
14	103	4
14	104	1
14	105	5
14	106	0
14	107	0
15	16	0
15	17	0
15	18	0
15	19	0
15	20	0
15	21	0
15	22	0
15	23	0
15	24	0
15	25	0
15	26	0
15	27	0
15	28	0
15	29	0
15	30	0
15	31	0
15	32	0
15	33	0
15	34	0
15	35	0
15	36	0
15	37	0
15	38	0
15	39	0
15	40	0
15	41	0
15	42	0
15	43	0
15	44	0
15	45	0
15	46	0
15	47	0
15	48	0
15	49	0
15	50	0
15	51	0
15	52	0
15	53	0
15	54	0
15	55	0
15	56	0
15	57	0
15	58	0
15	59	0
15	60	0
15	61	0
15	62	0
15	63	0
15	64	0
15	65	0
15	66	0
15	67	0
15	68	0
15	69	0
15	70	0
15	71	0
15	72	0
15	73	0
15	74	0
15	75	0
15	76	0
15	77	0
15	78	0
15	79	0
15	80	0
15	81	0
15	82	0
15	83	0
15	84	0
15	85	0
15	86	0
15	87	0
15	88	0
15	89	0
15	90	0
15	91	0
15	92	0
15	93	0
15	94	0
15	95	0
15	96	0
15	97	0
15	98	0
15	99	0
15	100	0
15	101	0
15	102	0
15	103	0
15	104	0
15	105	0
15	106	0
15	107	0
16	17	0
16	18	0
16	19	0
16	20	0
16	21	0
16	22	0
16	23	0
16	24	0
16	25	0
16	26	0
16	27	0
16	28	0
16	29	0
16	30	0
16	31	0
16	32	0
16	33	0
16	34	0
16	35	0
16	36	0
16	37	0
16	38	0
16	39	0
16	40	0
16	41	0
16	42	0
16	43	0
16	44	0
16	45	0
16	46	0
16	47	0
16	48	0
16	49	0
16	50	0
16	51	0
16	52	0
16	53	0
16	54	0
16	55	0
16	56	0
16	57	0
16	58	0
16	59	0
16	60	0
16	61	0
16	62	0
16	63	0
16	64	0
16	65	0
16	66	0
16	67	0
16	68	0
16	69	0
16	70	0
16	71	0
16	72	0
16	73	0
16	74	0
16	75	0
16	76	0
16	77	0
16	78	0
16	79	0
16	80	0
16	81	0
16	82	0
16	83	0
16	84	0
16	85	0
16	86	0
16	87	0
16	88	0
16	89	0
16	90	0
16	91	0
16	92	0
16	93	0
16	94	0
16	95	0
16	96	0
16	97	0
16	98	0
16	99	0
16	100	0
16	101	0
16	102	0
16	103	0
16	104	0
16	105	0
16	106	0
16	107	0
17	18	0
17	19	0
17	20	97
17	21	0
17	22	117
17	23	0
17	24	0
17	25	57
17	26	0
17	27	35
17	28	0
17	29	0
17	30	0
17	31	0
17	32	20
17	33	17
17	34	16
17	35	0
17	36	0
17	37	0
17	38	0
17	39	0
17	40	0
17	41	0
17	42	10
17	43	0
17	44	0
17	45	0
17	46	6
17	47	16
17	48	0
17	49	0
17	50	0
17	51	0
17	52	12
17	53	0
17	54	0
17	55	0
17	56	0
17	57	0
17	58	0
17	59	18
17	60	0
17	61	21
17	62	0
17	63	0
17	64	27
17	65	0
17	66	14
17	67	0
17	68	24
17	69	8
17	70	17
17	71	0
17	72	0
17	73	5
17	74	31
17	75	7
17	76	0
17	77	18
17	78	0
17	79	0
17	80	13
17	81	0
17	82	7
17	83	0
17	84	0
17	85	41
17	86	0
17	87	40
17	88	17
17	89	0
17	90	0
17	91	0
17	92	0
17	93	23
17	94	0
17	95	9
17	96	2
17	97	5
17	98	0
17	99	0
17	100	0
17	101	0
17	102	0
17	103	8
17	104	0
17	105	4
17	106	0
17	107	0
18	19	0
18	20	0
18	21	0
18	22	0
18	23	0
18	24	0
18	25	0
18	26	0
18	27	0
18	28	0
18	29	0
18	30	0
18	31	0
18	32	0
18	33	0
18	34	0
18	35	0
18	36	0
18	37	0
18	38	0
18	39	0
18	40	0
18	41	0
18	42	0
18	43	0
18	44	0
18	45	0
18	46	0
18	47	0
18	48	0
18	49	0
18	50	0
18	51	0
18	52	0
18	53	0
18	54	0
18	55	0
18	56	0
18	57	0
18	58	0
18	59	0
18	60	0
18	61	0
18	62	0
18	63	0
18	64	0
18	65	0
18	66	0
18	67	0
18	68	0
18	69	0
18	70	0
18	71	0
18	72	0
18	73	0
18	74	0
18	75	0
18	76	0
18	77	0
18	78	0
18	79	0
18	80	0
18	81	0
18	82	0
18	83	0
18	84	0
18	85	0
18	86	0
18	87	0
18	88	0
18	89	0
18	90	0
18	91	0
18	92	0
18	93	0
18	94	0
18	95	0
18	96	0
18	97	0
18	98	0
18	99	0
18	100	0
18	101	0
18	102	0
18	103	0
18	104	0
18	105	0
18	106	0
18	107	0
19	20	0
19	21	0
19	22	0
19	23	0
19	24	0
19	25	0
19	26	0
19	27	0
19	28	0
19	29	0
19	30	0
19	31	0
19	32	0
19	33	0
19	34	0
19	35	0
19	36	0
19	37	0
19	38	0
19	39	0
19	40	0
19	41	0
19	42	0
19	43	0
19	44	0
19	45	0
19	46	0
19	47	0
19	48	0
19	49	0
19	50	0
19	51	0
19	52	0
19	53	0
19	54	0
19	55	0
19	56	0
19	57	0
19	58	0
19	59	0
19	60	0
19	61	0
19	62	0
19	63	0
19	64	0
19	65	0
19	66	0
19	67	0
19	68	0
19	69	0
19	70	0
19	71	0
19	72	0
19	73	0
19	74	0
19	75	0
19	76	0
19	77	0
19	78	0
19	79	0
19	80	0
19	81	0
19	82	0
19	83	0
19	84	0
19	85	0
19	86	0
19	87	0
19	88	0
19	89	0
19	90	0
19	91	0
19	92	0
19	93	0
19	94	0
19	95	0
19	96	0
19	97	0
19	98	0
19	99	0
19	100	0
19	101	0
19	102	0
19	103	0
19	104	0
19	105	0
19	106	0
19	107	0
20	21	56
20	22	0
20	23	0
20	24	0
20	25	37
20	26	0
20	27	0
20	28	0
20	29	0
20	30	0
20	31	2
20	32	19
20	33	33
20	34	0
20	35	0
20	36	0
20	37	17
20	38	0
20	39	0
20	40	0
20	41	0
20	42	0
20	43	0
20	44	4
20	45	0
20	46	0
20	47	9
20	48	0
20	49	0
20	50	15
20	51	0
20	52	0
20	53	0
20	54	0
20	55	0
20	56	0
20	57	13
20	58	0
20	59	22
20	60	0
20	61	0
20	62	36
20	63	0
20	64	0
20	65	0
20	66	8
20	67	22
20	68	17
20	69	0
20	70	0
20	71	0
20	72	13
20	73	6
20	74	12
20	75	0
20	76	3
20	77	0
20	78	3
20	79	0
20	80	4
20	81	0
20	82	0
20	83	0
20	84	14
20	85	0
20	86	23
20	87	20
20	88	0
20	89	0
20	90	6
20	91	0
20	92	0
20	93	0
20	94	6
20	95	11
20	96	8
20	97	0
20	98	0
20	99	6
20	100	0
20	101	0
20	102	0
20	103	0
20	104	3
20	105	0
20	106	0
20	107	0
21	22	184
21	23	0
21	24	0
21	25	18
21	26	0
21	27	11
21	28	0
21	29	0
21	30	0
21	31	0
21	32	8
21	33	4
21	34	4
21	35	0
21	36	0
21	37	0
21	38	0
21	39	0
21	40	0
21	41	0
21	42	8
21	43	0
21	44	0
21	45	0
21	46	5
21	47	5
21	48	0
21	49	0
21	50	0
21	51	0
21	52	5
21	53	0
21	54	0
21	55	0
21	56	0
21	57	0
21	58	0
21	59	7
21	60	0
21	61	11
21	62	0
21	63	0
21	64	7
21	65	0
21	66	2
21	67	0
21	68	12
21	69	2
21	70	4
21	71	0
21	72	0
21	73	1
21	74	13
21	75	3
21	76	0
21	77	4
21	78	0
21	79	0
21	80	2
21	81	0
21	82	6
21	83	0
21	84	0
21	85	17
21	86	0
21	87	17
21	88	8
21	89	0
21	90	0
21	91	0
21	92	0
21	93	8
21	94	0
21	95	3
21	96	0
21	97	1
21	98	0
21	99	0
21	100	0
21	101	0
21	102	0
21	103	2
21	104	0
21	105	1
21	106	0
21	107	0
22	23	0
22	24	0
22	25	51
22	26	0
22	27	0
22	28	0
22	29	0
22	30	0
22	31	10
22	32	15
22	33	23
22	34	0
22	35	0
22	36	0
22	37	15
22	38	0
22	39	0
22	40	0
22	41	0
22	42	0
22	43	0
22	44	10
22	45	0
22	46	0
22	47	7
22	48	0
22	49	0
22	50	13
22	51	0
22	52	0
22	53	0
22	54	0
22	55	0
22	56	0
22	57	9
22	58	0
22	59	15
22	60	0
22	61	0
22	62	29
22	63	0
22	64	0
22	65	0
22	66	10
22	67	21
22	68	18
22	69	0
22	70	0
22	71	0
22	72	11
22	73	13
22	74	12
22	75	0
22	76	6
22	77	0
22	78	3
22	79	0
22	80	5
22	81	0
22	82	0
22	83	0
22	84	23
22	85	0
22	86	24
22	87	31
22	88	0
22	89	0
22	90	7
22	91	0
22	92	0
22	93	0
22	94	12
22	95	9
22	96	4
22	97	0
22	98	0
22	99	5
22	100	0
22	101	0
22	102	0
22	103	0
22	104	4
22	105	0
22	106	0
22	107	0
23	24	0
23	25	0
23	26	0
23	27	0
23	28	0
23	29	0
23	30	0
23	31	0
23	32	0
23	33	0
23	34	0
23	35	0
23	36	0
23	37	0
23	38	0
23	39	0
23	40	0
23	41	0
23	42	0
23	43	0
23	44	0
23	45	0
23	46	0
23	47	0
23	48	0
23	49	0
23	50	0
23	51	0
23	52	0
23	53	0
23	54	0
23	55	0
23	56	0
23	57	0
23	58	0
23	59	0
23	60	0
23	61	0
23	62	0
23	63	0
23	64	0
23	65	0
23	66	0
23	67	0
23	68	0
23	69	0
23	70	0
23	71	0
23	72	0
23	73	0
23	74	0
23	75	0
23	76	0
23	77	0
23	78	0
23	79	0
23	80	0
23	81	0
23	82	0
23	83	0
23	84	0
23	85	0
23	86	0
23	87	0
23	88	0
23	89	0
23	90	0
23	91	0
23	92	0
23	93	0
23	94	0
23	95	0
23	96	0
23	97	0
23	98	0
23	99	0
23	100	0
23	101	0
23	102	0
23	103	0
23	104	0
23	105	0
23	106	0
23	107	0
24	25	0
24	26	0
24	27	0
24	28	0
24	29	0
24	30	0
24	31	0
24	32	0
24	33	0
24	34	0
24	35	0
24	36	0
24	37	0
24	38	0
24	39	0
24	40	0
24	41	0
24	42	0
24	43	0
24	44	0
24	45	0
24	46	0
24	47	0
24	48	0
24	49	0
24	50	0
24	51	0
24	52	0
24	53	0
24	54	0
24	55	0
24	56	0
24	57	0
24	58	0
24	59	0
24	60	0
24	61	0
24	62	0
24	63	0
24	64	0
24	65	0
24	66	0
24	67	0
24	68	0
24	69	0
24	70	0
24	71	0
24	72	0
24	73	0
24	74	0
24	75	0
24	76	0
24	77	0
24	78	0
24	79	0
24	80	0
24	81	0
24	82	0
24	83	0
24	84	0
24	85	0
24	86	0
24	87	0
24	88	0
24	89	0
24	90	0
24	91	0
24	92	0
24	93	0
24	94	0
24	95	0
24	96	0
24	97	0
24	98	0
24	99	0
24	100	0
24	101	0
24	102	0
24	103	0
24	104	0
24	105	0
24	106	0
24	107	0
25	26	0
25	27	79
25	28	0
25	29	0
25	30	0
25	31	21
25	32	91
25	33	85
25	34	7
25	35	0
25	36	0
25	37	32
25	38	0
25	39	0
25	40	0
25	41	0
25	42	13
25	43	0
25	44	21
25	45	0
25	46	11
25	47	26
25	48	0
25	49	0
25	50	26
25	51	0
25	52	15
25	53	0
25	54	0
25	55	0
25	56	0
25	57	32
25	58	0
25	59	67
25	60	0
25	61	23
25	62	95
25	63	0
25	64	30
25	65	0
25	66	52
25	67	45
25	68	76
25	69	14
25	70	21
25	71	0
25	72	26
25	73	31
25	74	57
25	75	2
25	76	9
25	77	18
25	78	10
25	79	0
25	80	28
25	81	0
25	82	8
25	83	0
25	84	36
25	85	46
25	86	55
25	87	94
25	88	17
25	89	0
25	90	28
25	91	0
25	92	0
25	93	22
25	94	20
25	95	33
25	96	12
25	97	8
25	98	0
25	99	16
25	100	0
25	101	0
25	102	0
25	103	3
25	104	4
25	105	3
25	106	0
25	107	0
26	27	0
26	28	0
26	29	0
26	30	0
26	31	0
26	32	0
26	33	0
26	34	0
26	35	0
26	36	0
26	37	0
26	38	0
26	39	0
26	40	0
26	41	0
26	42	0
26	43	0
26	44	0
26	45	0
26	46	0
26	47	0
26	48	0
26	49	0
26	50	0
26	51	0
26	52	0
26	53	0
26	54	0
26	55	0
26	56	0
26	57	0
26	58	0
26	59	0
26	60	0
26	61	0
26	62	0
26	63	0
26	64	0
26	65	0
26	66	0
26	67	0
26	68	0
26	69	0
26	70	0
26	71	0
26	72	0
26	73	0
26	74	0
26	75	0
26	76	0
26	77	0
26	78	0
26	79	0
26	80	0
26	81	0
26	82	0
26	83	0
26	84	0
26	85	0
26	86	0
26	87	0
26	88	0
26	89	0
26	90	0
26	91	0
26	92	0
26	93	0
26	94	0
26	95	0
26	96	0
26	97	0
26	98	0
26	99	0
26	100	0
26	101	0
26	102	0
26	103	0
26	104	0
26	105	0
26	106	0
26	107	0
27	28	0
27	29	0
27	30	0
27	31	47
27	32	87
27	33	92
27	34	0
27	35	0
27	36	0
27	37	35
27	38	0
27	39	0
27	40	0
27	41	0
27	42	0
27	43	0
27	44	37
27	45	0
27	46	0
27	47	22
27	48	0
27	49	0
27	50	25
27	51	0
27	52	0
27	53	0
27	54	0
27	55	0
27	56	0
27	57	48
27	58	0
27	59	57
27	60	0
27	61	0
27	62	123
27	63	0
27	64	0
27	65	0
27	66	34
27	67	45
27	68	46
27	69	0
27	70	0
27	71	0
27	72	23
27	73	24
27	74	22
27	75	0
27	76	13
27	77	0
27	78	8
27	79	0
27	80	10
27	81	0
27	82	0
27	83	0
27	84	41
27	85	0
27	86	43
27	87	58
27	88	0
27	89	0
27	90	24
27	91	0
27	92	0
27	93	0
27	94	19
27	95	26
27	96	13
27	97	0
27	98	0
27	99	10
27	100	0
27	101	0
27	102	0
27	103	0
27	104	4
27	105	0
27	106	0
27	107	0
28	29	0
28	30	0
28	31	0
28	32	0
28	33	0
28	34	0
28	35	0
28	36	0
28	37	0
28	38	0
28	39	0
28	40	0
28	41	0
28	42	0
28	43	0
28	44	0
28	45	0
28	46	0
28	47	0
28	48	0
28	49	0
28	50	0
28	51	0
28	52	0
28	53	0
28	54	0
28	55	0
28	56	0
28	57	0
28	58	0
28	59	0
28	60	0
28	61	0
28	62	0
28	63	0
28	64	0
28	65	0
28	66	0
28	67	0
28	68	0
28	69	0
28	70	0
28	71	0
28	72	0
28	73	0
28	74	0
28	75	0
28	76	0
28	77	0
28	78	0
28	79	0
28	80	0
28	81	0
28	82	0
28	83	0
28	84	0
28	85	0
28	86	0
28	87	0
28	88	0
28	89	0
28	90	0
28	91	0
28	92	0
28	93	0
28	94	0
28	95	0
28	96	0
28	97	0
28	98	0
28	99	0
28	100	0
28	101	0
28	102	0
28	103	0
28	104	0
28	105	0
28	106	0
28	107	0
29	30	0
29	31	0
29	32	0
29	33	0
29	34	0
29	35	0
29	36	0
29	37	0
29	38	0
29	39	0
29	40	0
29	41	0
29	42	0
29	43	0
29	44	0
29	45	0
29	46	0
29	47	0
29	48	0
29	49	0
29	50	0
29	51	0
29	52	0
29	53	0
29	54	0
29	55	0
29	56	0
29	57	0
29	58	0
29	59	0
29	60	0
29	61	0
29	62	0
29	63	0
29	64	0
29	65	0
29	66	0
29	67	0
29	68	0
29	69	0
29	70	0
29	71	0
29	72	0
29	73	0
29	74	0
29	75	0
29	76	0
29	77	0
29	78	0
29	79	0
29	80	0
29	81	0
29	82	0
29	83	0
29	84	0
29	85	0
29	86	0
29	87	0
29	88	0
29	89	0
29	90	0
29	91	0
29	92	0
29	93	0
29	94	0
29	95	0
29	96	0
29	97	0
29	98	0
29	99	0
29	100	0
29	101	0
29	102	0
29	103	0
29	104	0
29	105	0
29	106	0
29	107	0
30	31	0
30	32	0
30	33	0
30	34	0
30	35	0
30	36	0
30	37	0
30	38	0
30	39	0
30	40	0
30	41	0
30	42	0
30	43	0
30	44	0
30	45	0
30	46	0
30	47	0
30	48	0
30	49	0
30	50	0
30	51	0
30	52	0
30	53	0
30	54	0
30	55	0
30	56	0
30	57	0
30	58	0
30	59	0
30	60	0
30	61	0
30	62	0
30	63	0
30	64	0
30	65	0
30	66	0
30	67	0
30	68	0
30	69	0
30	70	0
30	71	0
30	72	0
30	73	0
30	74	0
30	75	0
30	76	0
30	77	0
30	78	0
30	79	0
30	80	0
30	81	0
30	82	0
30	83	0
30	84	0
30	85	0
30	86	0
30	87	0
30	88	0
30	89	0
30	90	0
30	91	0
30	92	0
30	93	0
30	94	0
30	95	0
30	96	0
30	97	0
30	98	0
30	99	0
30	100	0
30	101	0
30	102	0
30	103	0
30	104	0
30	105	0
30	106	0
30	107	0
31	32	208
31	33	57
31	34	39
31	35	0
31	36	0
31	37	0
31	38	0
31	39	0
31	40	0
31	41	0
31	42	17
31	43	0
31	44	0
31	45	0
31	46	8
31	47	24
31	48	0
31	49	0
31	50	0
31	51	0
31	52	13
31	53	0
31	54	0
31	55	0
31	56	0
31	57	0
31	58	0
31	59	25
31	60	0
31	61	40
31	62	0
31	63	0
31	64	28
31	65	0
31	66	13
31	67	0
31	68	34
31	69	9
31	70	10
31	71	0
31	72	0
31	73	5
31	74	25
31	75	2
31	76	0
31	77	9
31	78	0
31	79	0
31	80	9
31	81	0
31	82	3
31	83	0
31	84	0
31	85	17
31	86	0
31	87	27
31	88	13
31	89	0
31	90	0
31	91	0
31	92	0
31	93	16
31	94	0
31	95	4
31	96	1
31	97	4
31	98	0
31	99	0
31	100	0
31	101	0
31	102	0
31	103	3
31	104	0
31	105	2
31	106	0
31	107	0
32	33	388
32	34	59
32	35	0
32	36	0
32	37	34
32	38	0
32	39	0
32	40	0
32	41	0
32	42	29
32	43	0
32	44	37
32	45	0
32	46	23
32	47	67
32	48	0
32	49	0
32	50	33
32	51	0
32	52	28
32	53	0
32	54	0
32	55	0
32	56	0
32	57	47
32	58	0
32	59	105
32	60	0
32	61	83
32	62	86
32	63	0
32	64	42
32	65	0
32	66	58
32	67	40
32	68	84
32	69	18
32	70	24
32	71	0
32	72	20
32	73	27
32	74	61
32	75	6
32	76	12
32	77	17
32	78	14
32	79	0
32	80	18
32	81	0
32	82	5
32	83	0
32	84	34
32	85	60
32	86	32
32	87	94
32	88	13
32	89	0
32	90	19
32	91	0
32	92	0
32	93	23
32	94	13
32	95	22
32	96	11
32	97	6
32	98	0
32	99	7
32	100	0
32	101	0
32	102	0
32	103	5
32	104	3
32	105	3
32	106	0
32	107	0
33	34	166
33	35	0
33	36	0
33	37	36
33	38	0
33	39	0
33	40	0
33	41	0
33	42	68
33	43	0
33	44	29
33	45	0
33	46	41
33	47	109
33	48	0
33	49	0
33	50	35
33	51	0
33	52	50
33	53	0
33	54	0
33	55	0
33	56	0
33	57	47
33	58	0
33	59	122
33	60	0
33	61	104
33	62	99
33	63	0
33	64	68
33	65	0
33	66	55
33	67	35
33	68	103
33	69	22
33	70	32
33	71	0
33	72	16
33	73	26
33	74	78
33	75	14
33	76	4
33	77	25
33	78	7
33	79	0
33	80	40
33	81	0
33	82	16
33	83	0
33	84	21
33	85	81
33	86	28
33	87	110
33	88	38
33	89	0
33	90	18
33	91	0
33	92	0
33	93	32
33	94	11
33	95	27
33	96	14
33	97	7
33	98	0
33	99	6
33	100	0
33	101	0
33	102	0
33	103	5
33	104	4
33	105	7
33	106	0
33	107	0
34	35	0
34	36	0
34	37	47
34	38	0
34	39	0
34	40	0
34	41	0
34	42	0
34	43	0
34	44	31
34	45	0
34	46	0
34	47	23
34	48	0
34	49	0
34	50	28
34	51	0
34	52	0
34	53	0
34	54	0
34	55	0
34	56	0
34	57	24
34	58	0
34	59	41
34	60	0
34	61	0
34	62	51
34	63	0
34	64	0
34	65	0
34	66	18
34	67	11
34	68	25
34	69	1
34	70	0
34	71	0
34	72	11
34	73	11
34	74	17
34	75	0
34	76	8
34	77	0
34	78	6
34	79	0
34	80	4
34	81	0
34	82	0
34	83	0
34	84	17
34	85	0
34	86	22
34	87	21
34	88	0
34	89	0
34	90	15
34	91	0
34	92	0
34	93	0
34	94	5
34	95	9
34	96	7
34	97	0
34	98	0
34	99	2
34	100	0
34	101	0
34	102	0
34	103	0
34	104	2
34	105	0
34	106	0
34	107	0
35	36	0
35	37	0
35	38	0
35	39	0
35	40	0
35	41	0
35	42	0
35	43	0
35	44	0
35	45	0
35	46	0
35	47	0
35	48	0
35	49	0
35	50	0
35	51	0
35	52	0
35	53	0
35	54	0
35	55	0
35	56	0
35	57	0
35	58	0
35	59	0
35	60	0
35	61	0
35	62	0
35	63	0
35	64	0
35	65	0
35	66	0
35	67	0
35	68	0
35	69	0
35	70	0
35	71	0
35	72	0
35	73	0
35	74	0
35	75	0
35	76	0
35	77	0
35	78	0
35	79	0
35	80	0
35	81	0
35	82	0
35	83	0
35	84	0
35	85	0
35	86	0
35	87	0
35	88	0
35	89	0
35	90	0
35	91	0
35	92	0
35	93	0
35	94	0
35	95	0
35	96	0
35	97	0
35	98	0
35	99	0
35	100	0
35	101	0
35	102	0
35	103	0
35	104	0
35	105	0
35	106	0
35	107	0
36	37	0
36	38	0
36	39	0
36	40	0
36	41	0
36	42	0
36	43	0
36	44	0
36	45	0
36	46	0
36	47	0
36	48	0
36	49	0
36	50	0
36	51	0
36	52	0
36	53	0
36	54	0
36	55	0
36	56	0
36	57	0
36	58	0
36	59	0
36	60	0
36	61	0
36	62	0
36	63	0
36	64	0
36	65	0
36	66	0
36	67	0
36	68	0
36	69	0
36	70	0
36	71	0
36	72	0
36	73	0
36	74	0
36	75	0
36	76	0
36	77	0
36	78	0
36	79	0
36	80	0
36	81	0
36	82	0
36	83	0
36	84	0
36	85	0
36	86	0
36	87	0
36	88	0
36	89	0
36	90	0
36	91	0
36	92	0
36	93	0
36	94	0
36	95	0
36	96	0
36	97	0
36	98	0
36	99	0
36	100	0
36	101	0
36	102	0
36	103	0
36	104	0
36	105	0
36	106	0
36	107	0
37	38	0
37	39	0
37	40	0
37	41	0
37	42	71
37	43	0
37	44	0
37	45	0
37	46	30
37	47	56
37	48	0
37	49	0
37	50	0
37	51	0
37	52	30
37	53	0
37	54	0
37	55	0
37	56	0
37	57	0
37	58	0
37	59	47
37	60	0
37	61	49
37	62	0
37	63	0
37	64	4
37	65	0
37	66	16
37	67	0
37	68	31
37	69	14
37	70	19
37	71	0
37	72	0
37	73	7
37	74	29
37	75	8
37	76	0
37	77	16
37	78	0
37	79	0
37	80	13
37	81	0
37	82	7
37	83	0
37	84	0
37	85	22
37	86	0
37	87	38
37	88	15
37	89	0
37	90	0
37	91	0
37	92	0
37	93	23
37	94	0
37	95	6
37	96	1
37	97	2
37	98	0
37	99	0
37	100	0
37	101	0
37	102	0
37	103	4
37	104	0
37	105	2
37	106	0
37	107	0
38	39	0
38	40	0
38	41	0
38	42	0
38	43	0
38	44	0
38	45	0
38	46	0
38	47	0
38	48	0
38	49	0
38	50	0
38	51	0
38	52	0
38	53	0
38	54	0
38	55	0
38	56	0
38	57	0
38	58	0
38	59	0
38	60	0
38	61	0
38	62	0
38	63	0
38	64	0
38	65	0
38	66	0
38	67	0
38	68	0
38	69	0
38	70	0
38	71	0
38	72	0
38	73	0
38	74	0
38	75	0
38	76	0
38	77	0
38	78	0
38	79	0
38	80	0
38	81	0
38	82	0
38	83	0
38	84	0
38	85	0
38	86	0
38	87	0
38	88	0
38	89	0
38	90	0
38	91	0
38	92	0
38	93	0
38	94	0
38	95	0
38	96	0
38	97	0
38	98	0
38	99	0
38	100	0
38	101	0
38	102	0
38	103	0
38	104	0
38	105	0
38	106	0
38	107	0
39	40	0
39	41	0
39	42	0
39	43	0
39	44	0
39	45	0
39	46	0
39	47	0
39	48	0
39	49	0
39	50	0
39	51	0
39	52	0
39	53	0
39	54	0
39	55	0
39	56	0
39	57	0
39	58	0
39	59	0
39	60	0
39	61	0
39	62	0
39	63	0
39	64	0
39	65	0
39	66	0
39	67	0
39	68	0
39	69	0
39	70	0
39	71	0
39	72	0
39	73	0
39	74	0
39	75	0
39	76	0
39	77	0
39	78	0
39	79	0
39	80	0
39	81	0
39	82	0
39	83	0
39	84	0
39	85	0
39	86	0
39	87	0
39	88	0
39	89	0
39	90	0
39	91	0
39	92	0
39	93	0
39	94	0
39	95	0
39	96	0
39	97	0
39	98	0
39	99	0
39	100	0
39	101	0
39	102	0
39	103	0
39	104	0
39	105	0
39	106	0
39	107	0
40	41	0
40	42	0
40	43	0
40	44	0
40	45	0
40	46	0
40	47	0
40	48	0
40	49	0
40	50	0
40	51	0
40	52	0
40	53	0
40	54	0
40	55	0
40	56	0
40	57	0
40	58	0
40	59	0
40	60	0
40	61	0
40	62	0
40	63	0
40	64	0
40	65	0
40	66	0
40	67	0
40	68	0
40	69	0
40	70	0
40	71	0
40	72	0
40	73	0
40	74	0
40	75	0
40	76	0
40	77	0
40	78	0
40	79	0
40	80	0
40	81	0
40	82	0
40	83	0
40	84	0
40	85	0
40	86	0
40	87	0
40	88	0
40	89	0
40	90	0
40	91	0
40	92	0
40	93	0
40	94	0
40	95	0
40	96	0
40	97	0
40	98	0
40	99	0
40	100	0
40	101	0
40	102	0
40	103	0
40	104	0
40	105	0
40	106	0
40	107	0
41	42	0
41	43	0
41	44	0
41	45	0
41	46	0
41	47	0
41	48	0
41	49	0
41	50	0
41	51	0
41	52	0
41	53	0
41	54	0
41	55	0
41	56	0
41	57	0
41	58	0
41	59	0
41	60	0
41	61	0
41	62	0
41	63	0
41	64	0
41	65	0
41	66	0
41	67	0
41	68	0
41	69	0
41	70	0
41	71	0
41	72	0
41	73	0
41	74	0
41	75	0
41	76	0
41	77	0
41	78	0
41	79	0
41	80	0
41	81	0
41	82	0
41	83	0
41	84	0
41	85	0
41	86	0
41	87	0
41	88	0
41	89	0
41	90	0
41	91	0
41	92	0
41	93	0
41	94	0
41	95	0
41	96	0
41	97	0
41	98	0
41	99	0
41	100	0
41	101	0
41	102	0
41	103	0
41	104	0
41	105	0
41	106	0
41	107	0
42	43	0
42	44	72
42	45	0
42	46	0
42	47	55
42	48	0
42	49	0
42	50	54
42	51	0
42	52	0
42	53	0
42	54	0
42	55	0
42	56	0
42	57	30
42	58	0
42	59	53
42	60	0
42	61	0
42	62	49
42	63	0
42	64	0
42	65	0
42	66	10
42	67	15
42	68	22
42	69	0
42	70	0
42	71	0
42	72	13
42	73	18
42	74	14
42	75	0
42	76	7
42	77	0
42	78	9
42	79	0
42	80	3
42	81	0
42	82	0
42	83	0
42	84	34
42	85	0
42	86	19
42	87	36
42	88	0
42	89	0
42	90	11
42	91	0
42	92	0
42	93	0
42	94	7
42	95	10
42	96	4
42	97	0
42	98	0
42	99	4
42	100	0
42	101	0
42	102	0
42	103	0
42	104	2
42	105	0
42	106	0
42	107	0
43	44	0
43	45	0
43	46	0
43	47	0
43	48	0
43	49	0
43	50	0
43	51	0
43	52	0
43	53	0
43	54	0
43	55	0
43	56	0
43	57	0
43	58	0
43	59	0
43	60	0
43	61	0
43	62	0
43	63	0
43	64	0
43	65	0
43	66	0
43	67	0
43	68	0
43	69	0
43	70	0
43	71	0
43	72	0
43	73	0
43	74	0
43	75	0
43	76	0
43	77	0
43	78	0
43	79	0
43	80	0
43	81	0
43	82	0
43	83	0
43	84	0
43	85	0
43	86	0
43	87	0
43	88	0
43	89	0
43	90	0
43	91	0
43	92	0
43	93	0
43	94	0
43	95	0
43	96	0
43	97	0
43	98	0
43	99	0
43	100	0
43	101	0
43	102	0
43	103	0
43	104	0
43	105	0
43	106	0
43	107	0
44	45	0
44	46	113
44	47	94
44	48	0
44	49	0
44	50	0
44	51	0
44	52	59
44	53	0
44	54	0
44	55	0
44	56	0
44	57	0
44	58	0
44	59	40
44	60	0
44	61	29
44	62	0
44	63	0
44	64	22
44	65	0
44	66	14
44	67	0
44	68	32
44	69	11
44	70	19
44	71	0
44	72	0
44	73	5
44	74	27
44	75	7
44	76	0
44	77	14
44	78	0
44	79	0
44	80	10
44	81	0
44	82	6
44	83	0
44	84	0
44	85	31
44	86	0
44	87	28
44	88	19
44	89	0
44	90	0
44	91	0
44	92	0
44	93	18
44	94	0
44	95	3
44	96	4
44	97	6
44	98	0
44	99	0
44	100	0
44	101	0
44	102	0
44	103	6
44	104	0
44	105	2
44	106	0
44	107	0
45	46	0
45	47	0
45	48	0
45	49	0
45	50	0
45	51	0
45	52	0
45	53	0
45	54	0
45	55	0
45	56	0
45	57	0
45	58	0
45	59	0
45	60	0
45	61	0
45	62	0
45	63	0
45	64	0
45	65	0
45	66	0
45	67	0
45	68	0
45	69	0
45	70	0
45	71	0
45	72	0
45	73	0
45	74	0
45	75	0
45	76	0
45	77	0
45	78	0
45	79	0
45	80	0
45	81	0
45	82	0
45	83	0
45	84	0
45	85	0
45	86	0
45	87	0
45	88	0
45	89	0
45	90	0
45	91	0
45	92	0
45	93	0
45	94	0
45	95	0
45	96	0
45	97	0
45	98	0
45	99	0
45	100	0
45	101	0
45	102	0
45	103	0
45	104	0
45	105	0
45	106	0
45	107	0
46	47	306
46	48	0
46	49	0
46	50	66
46	51	0
46	52	0
46	53	0
46	54	0
46	55	0
46	56	0
46	57	33
46	58	0
46	59	41
46	60	0
46	61	0
46	62	33
46	63	0
46	64	0
46	65	0
46	66	8
46	67	11
46	68	1
46	69	0
46	70	0
46	71	0
46	72	7
46	73	11
46	74	9
46	75	0
46	76	7
46	77	0
46	78	7
46	79	0
46	80	2
46	81	0
46	82	0
46	83	0
46	84	13
46	85	0
46	86	8
46	87	21
46	88	0
46	89	0
46	90	7
46	91	0
46	92	0
46	93	0
46	94	8
46	95	8
46	96	6
46	97	0
46	98	0
46	99	4
46	100	0
46	101	0
46	102	0
46	103	0
46	104	1
46	105	0
46	106	0
46	107	0
47	48	0
47	49	0
47	50	188
47	51	0
47	52	53
47	53	0
47	54	0
47	55	0
47	56	0
47	57	38
47	58	0
47	59	91
47	60	0
47	61	28
47	62	50
47	63	0
47	64	21
47	65	0
47	66	28
47	67	31
47	68	50
47	69	11
47	70	12
47	71	0
47	72	12
47	73	17
47	74	31
47	75	5
47	76	15
47	77	12
47	78	15
47	79	0
47	80	9
47	81	0
47	82	4
47	83	0
47	84	25
47	85	24
47	86	27
47	87	86
47	88	11
47	89	0
47	90	14
47	91	0
47	92	0
47	93	13
47	94	12
47	95	13
47	96	10
47	97	4
47	98	0
47	99	4
47	100	0
47	101	0
47	102	0
47	103	3
47	104	3
47	105	3
47	106	0
47	107	0
48	49	0
48	50	0
48	51	0
48	52	0
48	53	0
48	54	0
48	55	0
48	56	0
48	57	0
48	58	0
48	59	0
48	60	0
48	61	0
48	62	0
48	63	0
48	64	0
48	65	0
48	66	0
48	67	0
48	68	0
48	69	0
48	70	0
48	71	0
48	72	0
48	73	0
48	74	0
48	75	0
48	76	0
48	77	0
48	78	0
48	79	0
48	80	0
48	81	0
48	82	0
48	83	0
48	84	0
48	85	0
48	86	0
48	87	0
48	88	0
48	89	0
48	90	0
48	91	0
48	92	0
48	93	0
48	94	0
48	95	0
48	96	0
48	97	0
48	98	0
48	99	0
48	100	0
48	101	0
48	102	0
48	103	0
48	104	0
48	105	0
48	106	0
48	107	0
49	50	0
49	51	0
49	52	0
49	53	0
49	54	0
49	55	0
49	56	0
49	57	0
49	58	0
49	59	0
49	60	0
49	61	0
49	62	0
49	63	0
49	64	0
49	65	0
49	66	0
49	67	0
49	68	0
49	69	0
49	70	0
49	71	0
49	72	0
49	73	0
49	74	0
49	75	0
49	76	0
49	77	0
49	78	0
49	79	0
49	80	0
49	81	0
49	82	0
49	83	0
49	84	0
49	85	0
49	86	0
49	87	0
49	88	0
49	89	0
49	90	0
49	91	0
49	92	0
49	93	0
49	94	0
49	95	0
49	96	0
49	97	0
49	98	0
49	99	0
49	100	0
49	101	0
49	102	0
49	103	0
49	104	0
49	105	0
49	106	0
49	107	0
50	51	0
50	52	226
50	53	0
50	54	0
50	55	0
50	56	0
50	57	0
50	58	0
50	59	52
50	60	0
50	61	28
50	62	0
50	63	0
50	64	20
50	65	0
50	66	12
50	67	0
50	68	30
50	69	11
50	70	18
50	71	0
50	72	0
50	73	8
50	74	42
50	75	5
50	76	0
50	77	23
50	78	0
50	79	0
50	80	10
50	81	0
50	82	7
50	83	0
50	84	0
50	85	31
50	86	0
50	87	22
50	88	18
50	89	0
50	90	0
50	91	0
50	92	0
50	93	20
50	94	0
50	95	4
50	96	1
50	97	5
50	98	0
50	99	0
50	100	0
50	101	0
50	102	0
50	103	3
50	104	0
50	105	3
50	106	0
50	107	0
51	52	0
51	53	0
51	54	0
51	55	0
51	56	0
51	57	0
51	58	0
51	59	0
51	60	0
51	61	0
51	62	0
51	63	0
51	64	0
51	65	0
51	66	0
51	67	0
51	68	0
51	69	0
51	70	0
51	71	0
51	72	0
51	73	0
51	74	0
51	75	0
51	76	0
51	77	0
51	78	0
51	79	0
51	80	0
51	81	0
51	82	0
51	83	0
51	84	0
51	85	0
51	86	0
51	87	0
51	88	0
51	89	0
51	90	0
51	91	0
51	92	0
51	93	0
51	94	0
51	95	0
51	96	0
51	97	0
51	98	0
51	99	0
51	100	0
51	101	0
51	102	0
51	103	0
51	104	0
51	105	0
51	106	0
51	107	0
52	53	0
52	54	0
52	55	0
52	56	0
52	57	57
52	58	0
52	59	56
52	60	0
52	61	0
52	62	52
52	63	0
52	64	0
52	65	0
52	66	16
52	67	17
52	68	15
52	69	1
52	70	0
52	71	0
52	72	11
52	73	16
52	74	16
52	75	0
52	76	8
52	77	0
52	78	8
52	79	0
52	80	5
52	81	0
52	82	0
52	83	0
52	84	21
52	85	0
52	86	14
52	87	22
52	88	0
52	89	0
52	90	9
52	91	0
52	92	0
52	93	0
52	94	9
52	95	12
52	96	9
52	97	0
52	98	0
52	99	3
52	100	0
52	101	0
52	102	0
52	103	0
52	104	3
52	105	0
52	106	0
52	107	0
53	54	0
53	55	0
53	56	0
53	57	0
53	58	0
53	59	0
53	60	0
53	61	0
53	62	0
53	63	0
53	64	0
53	65	0
53	66	0
53	67	0
53	68	0
53	69	0
53	70	0
53	71	0
53	72	0
53	73	0
53	74	0
53	75	0
53	76	0
53	77	0
53	78	0
53	79	0
53	80	0
53	81	0
53	82	0
53	83	0
53	84	0
53	85	0
53	86	0
53	87	0
53	88	0
53	89	0
53	90	0
53	91	0
53	92	0
53	93	0
53	94	0
53	95	0
53	96	0
53	97	0
53	98	0
53	99	0
53	100	0
53	101	0
53	102	0
53	103	0
53	104	0
53	105	0
53	106	0
53	107	0
54	55	0
54	56	0
54	57	0
54	58	0
54	59	0
54	60	0
54	61	0
54	62	0
54	63	0
54	64	0
54	65	0
54	66	0
54	67	0
54	68	0
54	69	0
54	70	0
54	71	0
54	72	0
54	73	0
54	74	0
54	75	0
54	76	0
54	77	0
54	78	0
54	79	0
54	80	0
54	81	0
54	82	0
54	83	0
54	84	0
54	85	0
54	86	0
54	87	0
54	88	0
54	89	0
54	90	0
54	91	0
54	92	0
54	93	0
54	94	0
54	95	0
54	96	0
54	97	0
54	98	0
54	99	0
54	100	0
54	101	0
54	102	0
54	103	0
54	104	0
54	105	0
54	106	0
54	107	0
55	56	0
55	57	0
55	58	0
55	59	0
55	60	0
55	61	0
55	62	0
55	63	0
55	64	0
55	65	0
55	66	0
55	67	0
55	68	0
55	69	0
55	70	0
55	71	0
55	72	0
55	73	0
55	74	0
55	75	0
55	76	0
55	77	0
55	78	0
55	79	0
55	80	0
55	81	0
55	82	0
55	83	0
55	84	0
55	85	0
55	86	0
55	87	0
55	88	0
55	89	0
55	90	0
55	91	0
55	92	0
55	93	0
55	94	0
55	95	0
55	96	0
55	97	0
55	98	0
55	99	0
55	100	0
55	101	0
55	102	0
55	103	0
55	104	0
55	105	0
55	106	0
55	107	0
56	57	0
56	58	0
56	59	0
56	60	0
56	61	0
56	62	0
56	63	0
56	64	0
56	65	0
56	66	0
56	67	0
56	68	0
56	69	0
56	70	0
56	71	0
56	72	0
56	73	0
56	74	0
56	75	0
56	76	0
56	77	0
56	78	0
56	79	0
56	80	0
56	81	0
56	82	0
56	83	0
56	84	0
56	85	0
56	86	0
56	87	0
56	88	0
56	89	0
56	90	0
56	91	0
56	92	0
56	93	0
56	94	0
56	95	0
56	96	0
56	97	0
56	98	0
56	99	0
56	100	0
56	101	0
56	102	0
56	103	0
56	104	0
56	105	0
56	106	0
56	107	0
57	58	0
57	59	492
57	60	0
57	61	123
57	62	0
57	63	0
57	64	49
57	65	0
57	66	24
57	67	0
57	68	52
57	69	22
57	70	22
57	71	0
57	72	0
57	73	4
57	74	31
57	75	4
57	76	0
57	77	15
57	78	0
57	79	0
57	80	15
57	81	0
57	82	7
57	83	0
57	84	0
57	85	40
57	86	0
57	87	29
57	88	17
57	89	0
57	90	0
57	91	0
57	92	0
57	93	28
57	94	0
57	95	5
57	96	3
57	97	6
57	98	0
57	99	0
57	100	0
57	101	0
57	102	0
57	103	2
57	104	0
57	105	4
57	106	0
57	107	0
58	59	0
58	60	0
58	61	0
58	62	0
58	63	0
58	64	0
58	65	0
58	66	0
58	67	0
58	68	0
58	69	0
58	70	0
58	71	0
58	72	0
58	73	0
58	74	0
58	75	0
58	76	0
58	77	0
58	78	0
58	79	0
58	80	0
58	81	0
58	82	0
58	83	0
58	84	0
58	85	0
58	86	0
58	87	0
58	88	0
58	89	0
58	90	0
58	91	0
58	92	0
58	93	0
58	94	0
58	95	0
58	96	0
58	97	0
58	98	0
58	99	0
58	100	0
58	101	0
58	102	0
58	103	0
58	104	0
58	105	0
58	106	0
58	107	0
59	60	0
59	61	234
59	62	88
59	63	0
59	64	82
59	65	0
59	66	57
59	67	35
59	68	92
59	69	23
59	70	23
59	71	0
59	72	11
59	73	21
59	74	57
59	75	15
59	76	11
59	77	25
59	78	11
59	79	0
59	80	27
59	81	0
59	82	10
59	83	0
59	84	16
59	85	47
59	86	23
59	87	86
59	88	23
59	89	0
59	90	14
59	91	0
59	92	0
59	93	25
59	94	5
59	95	27
59	96	10
59	97	7
59	98	0
59	99	6
59	100	0
59	101	0
59	102	0
59	103	6
59	104	2
59	105	5
59	106	0
59	107	0
60	61	0
60	62	0
60	63	0
60	64	0
60	65	0
60	66	0
60	67	0
60	68	0
60	69	0
60	70	0
60	71	0
60	72	0
60	73	0
60	74	0
60	75	0
60	76	0
60	77	0
60	78	0
60	79	0
60	80	0
60	81	0
60	82	0
60	83	0
60	84	0
60	85	0
60	86	0
60	87	0
60	88	0
60	89	0
60	90	0
60	91	0
60	92	0
60	93	0
60	94	0
60	95	0
60	96	0
60	97	0
60	98	0
60	99	0
60	100	0
60	101	0
60	102	0
60	103	0
60	104	0
60	105	0
60	106	0
60	107	0
61	62	290
61	63	0
61	64	0
61	65	0
61	66	46
61	67	18
61	68	51
61	69	2
61	70	0
61	71	0
61	72	21
61	73	12
61	74	26
61	75	0
61	76	13
61	77	0
61	78	15
61	79	0
61	80	5
61	81	0
61	82	0
61	83	0
61	84	45
61	85	0
61	86	34
61	87	58
61	88	0
61	89	0
61	90	18
61	91	0
61	92	0
61	93	0
61	94	16
61	95	12
61	96	5
61	97	0
61	98	0
61	99	9
61	100	0
61	101	0
61	102	0
61	103	0
61	104	3
61	105	0
61	106	0
61	107	0
62	63	0
62	64	183
62	65	0
62	66	69
62	67	0
62	68	104
62	69	39
62	70	45
62	71	0
62	72	0
62	73	15
62	74	66
62	75	17
62	76	0
62	77	46
62	78	0
62	79	0
62	80	27
62	81	0
62	82	24
62	83	0
62	84	0
62	85	157
62	86	0
62	87	97
62	88	40
62	89	0
62	90	0
62	91	0
62	92	0
62	93	36
62	94	0
62	95	14
62	96	3
62	97	10
62	98	0
62	99	0
62	100	0
62	101	0
62	102	0
62	103	5
62	104	0
62	105	5
62	106	0
62	107	0
63	64	0
63	65	0
63	66	0
63	67	0
63	68	0
63	69	0
63	70	0
63	71	0
63	72	0
63	73	0
63	74	0
63	75	0
63	76	0
63	77	0
63	78	0
63	79	0
63	80	0
63	81	0
63	82	0
63	83	0
63	84	0
63	85	0
63	86	0
63	87	0
63	88	0
63	89	0
63	90	0
63	91	0
63	92	0
63	93	0
63	94	0
63	95	0
63	96	0
63	97	0
63	98	0
63	99	0
63	100	0
63	101	0
63	102	0
63	103	0
63	104	0
63	105	0
63	106	0
63	107	0
64	65	0
64	66	259
64	67	139
64	68	153
64	69	6
64	70	0
64	71	0
64	72	39
64	73	45
64	74	41
64	75	0
64	76	27
64	77	0
64	78	25
64	79	0
64	80	5
64	81	0
64	82	0
64	83	0
64	84	66
64	85	0
64	86	48
64	87	84
64	88	0
64	89	0
64	90	24
64	91	0
64	92	0
64	93	0
64	94	21
64	95	12
64	96	12
64	97	0
64	98	0
64	99	7
64	100	0
64	101	0
64	102	0
64	103	0
64	104	3
64	105	0
64	106	0
64	107	0
65	66	0
65	67	0
65	68	0
65	69	0
65	70	0
65	71	0
65	72	0
65	73	0
65	74	0
65	75	0
65	76	0
65	77	0
65	78	0
65	79	0
65	80	0
65	81	0
65	82	0
65	83	0
65	84	0
65	85	0
65	86	0
65	87	0
65	88	0
65	89	0
65	90	0
65	91	0
65	92	0
65	93	0
65	94	0
65	95	0
65	96	0
65	97	0
65	98	0
65	99	0
65	100	0
65	101	0
65	102	0
65	103	0
65	104	0
65	105	0
65	106	0
65	107	0
66	67	111
66	68	230
66	69	46
66	70	56
66	71	0
66	72	23
66	73	29
66	74	85
66	75	15
66	76	14
66	77	22
66	78	12
66	79	0
66	80	26
66	81	0
66	82	9
66	83	0
66	84	22
66	85	54
66	86	30
66	87	89
66	88	18
66	89	0
66	90	6
66	91	0
66	92	0
66	93	20
66	94	11
66	95	25
66	96	7
66	97	4
66	98	0
66	99	3
66	100	0
66	101	0
66	102	0
66	103	3
66	104	1
66	105	3
66	106	0
66	107	0
67	68	701
67	69	157
67	70	168
67	71	0
67	72	0
67	73	28
67	74	113
67	75	16
67	76	0
67	77	49
67	78	0
67	79	0
67	80	39
67	81	0
67	82	10
67	83	0
67	84	0
67	85	83
67	86	0
67	87	64
67	88	32
67	89	0
67	90	0
67	91	0
67	92	0
67	93	32
67	94	0
67	95	10
67	96	4
67	97	12
67	98	0
67	99	0
67	100	0
67	101	0
67	102	0
67	103	4
67	104	0
67	105	5
67	106	0
67	107	0
68	69	387
68	70	212
68	71	0
68	72	108
68	73	103
68	74	192
68	75	27
68	76	43
68	77	63
68	78	47
68	79	0
68	80	73
68	81	0
68	82	24
68	83	0
68	84	68
68	85	93
68	86	64
68	87	169
68	88	24
68	89	0
68	90	31
68	91	0
68	92	0
68	93	36
68	94	17
68	95	36
68	96	17
68	97	9
68	98	0
68	99	12
68	100	0
68	101	0
68	102	0
68	103	9
68	104	7
68	105	5
68	106	0
68	107	0
69	70	7
69	71	0
69	72	26
69	73	31
69	74	28
69	75	1
69	76	15
69	77	0
69	78	11
69	79	0
69	80	7
69	81	0
69	82	1
69	83	0
69	84	27
69	85	5
69	86	25
69	87	34
69	88	0
69	89	0
69	90	9
69	91	0
69	92	0
69	93	2
69	94	7
69	95	13
69	96	8
69	97	0
69	98	0
69	99	4
69	100	0
69	101	0
69	102	0
69	103	0
69	104	2
69	105	0
69	106	0
69	107	0
70	71	0
70	72	91
70	73	45
70	74	46
70	75	0
70	76	20
70	77	0
70	78	18
70	79	0
70	80	11
70	81	0
70	82	0
70	83	0
70	84	29
70	85	0
70	86	33
70	87	40
70	88	0
70	89	0
70	90	17
70	91	0
70	92	0
70	93	0
70	94	17
70	95	19
70	96	10
70	97	0
70	98	0
70	99	6
70	100	0
70	101	0
70	102	0
70	103	0
70	104	4
70	105	0
70	106	0
70	107	0
71	72	0
71	73	0
71	74	0
71	75	0
71	76	0
71	77	0
71	78	0
71	79	0
71	80	0
71	81	0
71	82	0
71	83	0
71	84	0
71	85	0
71	86	0
71	87	0
71	88	0
71	89	0
71	90	0
71	91	0
71	92	0
71	93	0
71	94	0
71	95	0
71	96	0
71	97	0
71	98	0
71	99	0
71	100	0
71	101	0
71	102	0
71	103	0
71	104	0
71	105	0
71	106	0
71	107	0
72	73	138
72	74	156
72	75	23
72	76	0
72	77	43
72	78	0
72	79	0
72	80	41
72	81	0
72	82	16
72	83	0
72	84	0
72	85	61
72	86	0
72	87	45
72	88	26
72	89	0
72	90	0
72	91	0
72	92	0
72	93	24
72	94	0
72	95	5
72	96	1
72	97	3
72	98	0
72	99	0
72	100	0
72	101	0
72	102	0
72	103	2
72	104	0
72	105	2
72	106	0
72	107	0
73	74	654
73	75	53
73	76	10
73	77	90
73	78	10
73	79	0
73	80	50
73	81	0
73	82	26
73	83	0
73	84	22
73	85	84
73	86	13
73	87	80
73	88	22
73	89	0
73	90	4
73	91	0
73	92	0
73	93	26
73	94	3
73	95	11
73	96	7
73	97	6
73	98	0
73	99	2
73	100	0
73	101	0
73	102	0
73	103	3
73	104	1
73	105	4
73	106	0
73	107	0
74	75	105
74	76	225
74	77	107
74	78	170
74	79	0
74	80	143
74	81	0
74	82	28
74	83	0
74	84	157
74	85	72
74	86	70
74	87	185
74	88	29
74	89	0
74	90	43
74	91	0
74	92	0
74	93	29
74	94	34
74	95	42
74	96	23
74	97	3
74	98	0
74	99	18
74	100	0
74	101	0
74	102	0
74	103	6
74	104	7
74	105	4
74	106	0
74	107	0
75	76	179
75	77	0
75	78	110
75	79	0
75	80	10
75	81	0
75	82	0
75	83	0
75	84	32
75	85	0
75	86	20
75	87	25
75	88	0
75	89	0
75	90	9
75	91	0
75	92	0
75	93	0
75	94	8
75	95	9
75	96	6
75	97	0
75	98	0
75	99	4
75	100	0
75	101	0
75	102	0
75	103	0
75	104	2
75	105	0
75	106	0
75	107	0
76	77	221
76	78	0
76	79	0
76	80	85
76	81	0
76	82	23
76	83	0
76	84	0
76	85	45
76	86	0
76	87	34
76	88	22
76	89	0
76	90	0
76	91	0
76	92	0
76	93	23
76	94	0
76	95	5
76	96	2
76	97	7
76	98	0
76	99	0
76	100	0
76	101	0
76	102	0
76	103	3
76	104	0
76	105	4
76	106	0
76	107	0
77	78	188
77	79	0
77	80	67
77	81	0
77	82	0
77	83	0
77	84	43
77	85	0
77	86	40
77	87	57
77	88	0
77	89	0
77	90	21
77	91	0
77	92	0
77	93	0
77	94	18
77	95	18
77	96	8
77	97	0
77	98	0
77	99	11
77	100	0
77	101	0
77	102	0
77	103	0
77	104	5
77	105	0
77	106	0
77	107	0
78	79	0
78	80	121
78	81	0
78	82	17
78	83	0
78	84	0
78	85	40
78	86	0
78	87	31
78	88	15
78	89	0
78	90	0
78	91	0
78	92	0
78	93	24
78	94	0
78	95	7
78	96	3
78	97	5
78	98	0
78	99	0
78	100	0
78	101	0
78	102	0
78	103	5
78	104	0
78	105	2
78	106	0
78	107	0
79	80	0
79	81	0
79	82	0
79	83	0
79	84	0
79	85	0
79	86	0
79	87	0
79	88	0
79	89	0
79	90	0
79	91	0
79	92	0
79	93	0
79	94	0
79	95	0
79	96	0
79	97	0
79	98	0
79	99	0
79	100	0
79	101	0
79	102	0
79	103	0
79	104	0
79	105	0
79	106	0
79	107	0
80	81	0
80	82	16
80	83	0
80	84	50
80	85	6
80	86	38
80	87	71
80	88	14
80	89	0
80	90	14
80	91	0
80	92	0
80	93	17
80	94	12
80	95	15
80	96	9
80	97	2
80	98	0
80	99	6
80	100	0
80	101	0
80	102	0
80	103	0
80	104	4
80	105	1
80	106	0
80	107	0
81	82	0
81	83	0
81	84	0
81	85	0
81	86	0
81	87	0
81	88	0
81	89	0
81	90	0
81	91	0
81	92	0
81	93	0
81	94	0
81	95	0
81	96	0
81	97	0
81	98	0
81	99	0
81	100	0
81	101	0
81	102	0
81	103	0
81	104	0
81	105	0
81	106	0
81	107	0
82	83	0
82	84	101
82	85	0
82	86	25
82	87	43
82	88	0
82	89	0
82	90	11
82	91	0
82	92	0
82	93	0
82	94	8
82	95	6
82	96	4
82	97	0
82	98	0
82	99	4
82	100	0
82	101	0
82	102	0
82	103	0
82	104	1
82	105	0
82	106	0
82	107	0
83	84	0
83	85	0
83	86	0
83	87	0
83	88	0
83	89	0
83	90	0
83	91	0
83	92	0
83	93	0
83	94	0
83	95	0
83	96	0
83	97	0
83	98	0
83	99	0
83	100	0
83	101	0
83	102	0
83	103	0
83	104	0
83	105	0
83	106	0
83	107	0
84	85	318
84	86	0
84	87	155
84	88	71
84	89	0
84	90	0
84	91	0
84	92	0
84	93	37
84	94	0
84	95	8
84	96	5
84	97	6
84	98	0
84	99	0
84	100	0
84	101	0
84	102	0
84	103	3
84	104	0
84	105	6
84	106	0
84	107	0
85	86	226
85	87	347
85	88	0
85	89	0
85	90	23
85	91	0
85	92	0
85	93	0
85	94	33
85	95	31
85	96	24
85	97	0
85	98	0
85	99	14
85	100	0
85	101	0
85	102	0
85	103	0
85	104	8
85	105	0
85	106	0
85	107	0
86	87	531
86	88	91
86	89	0
86	90	0
86	91	0
86	92	0
86	93	60
86	94	0
86	95	19
86	96	6
86	97	15
86	98	0
86	99	0
86	100	0
86	101	0
86	102	0
86	103	8
86	104	0
86	105	7
86	106	0
86	107	0
87	88	189
87	89	0
87	90	99
87	91	0
87	92	0
87	93	114
87	94	65
87	95	107
87	96	54
87	97	28
87	98	0
87	99	23
87	100	0
87	101	0
87	102	0
87	103	24
87	104	9
87	105	16
87	106	0
87	107	0
88	89	0
88	90	123
88	91	0
88	92	0
88	93	0
88	94	82
88	95	87
88	96	41
88	97	0
88	98	0
88	99	17
88	100	0
88	101	0
88	102	0
88	103	0
88	104	9
88	105	0
88	106	0
88	107	0
89	90	0
89	91	0
89	92	0
89	93	0
89	94	0
89	95	0
89	96	0
89	97	0
89	98	0
89	99	0
89	100	0
89	101	0
89	102	0
89	103	0
89	104	0
89	105	0
89	106	0
89	107	0
90	91	0
90	92	0
90	93	507
90	94	0
90	95	121
90	96	25
90	97	66
90	98	0
90	99	0
90	100	0
90	101	0
90	102	0
90	103	13
90	104	0
90	105	8
90	106	0
90	107	0
91	92	0
91	93	0
91	94	0
91	95	0
91	96	0
91	97	0
91	98	0
91	99	0
91	100	0
91	101	0
91	102	0
91	103	0
91	104	0
91	105	0
91	106	0
91	107	0
92	93	0
92	94	0
92	95	0
92	96	0
92	97	0
92	98	0
92	99	0
92	100	0
92	101	0
92	102	0
92	103	0
92	104	0
92	105	0
92	106	0
92	107	0
93	94	730
93	95	574
93	96	139
93	97	0
93	98	0
93	99	67
93	100	0
93	101	0
93	102	0
93	103	0
93	104	26
93	105	0
93	106	0
93	107	0
94	95	331
94	96	66
94	97	96
94	98	0
94	99	0
94	100	0
94	101	0
94	102	0
94	103	23
94	104	0
94	105	18
94	106	0
94	107	0
95	96	452
95	97	150
95	98	0
95	99	36
95	100	0
95	101	0
95	102	0
95	103	29
95	104	13
95	105	30
95	106	0
95	107	0
96	97	303
96	98	0
96	99	18
96	100	0
96	101	0
96	102	0
96	103	26
96	104	6
96	105	21
96	106	0
96	107	0
97	98	0
97	99	80
97	100	0
97	101	0
97	102	0
97	103	0
97	104	17
97	105	0
97	106	0
97	107	0
98	99	0
98	100	0
98	101	0
98	102	0
98	103	0
98	104	0
98	105	0
98	106	0
98	107	0
99	100	0
99	101	0
99	102	0
99	103	124
99	104	0
99	105	73
99	106	0
99	107	0
100	101	0
100	102	0
100	103	0
100	104	0
100	105	0
100	106	0
100	107	0
101	102	0
101	103	0
101	104	0
101	105	0
101	106	0
101	107	0
102	103	0
102	104	0
102	105	0
102	106	0
102	107	0
103	104	429
103	105	0
103	106	0
103	107	0
104	105	139
104	106	0
104	107	0
105	106	0
105	107	0
106	107	0
