6 0 222
6 5 5823
6 8 40
6 9 834
6 10 193
6 11 274
6 13 391
6 15 404
6 18 430
6 23 400
6 25 253
6 28 95
6 29 118
6 30 572
6 33 371
6 34 168
6 35 25
6 38 218
6 40 30
6 54 48
6 55 17
6 57 117
6 59 20
6 66 89
6 68 36
7 0 384
7 5 2999
7 8 46
7 9 1564
7 10 225
7 11 522
7 13 543
7 15 730
7 18 570
7 23 734
7 25 579
7 28 140
7 29 125
7 30 780
7 33 568
7 34 252
7 35 67
7 38 396
7 40 69
7 54 81
7 55 37
7 57 199
7 59 27
7 66 47
7 68 35
12 0 24
12 5 179
12 8 8
12 9 543
12 10 84
12 11 116
12 13 410
12 15 175
12 18 170
12 23 270
12 25 160
12 28 25
12 29 25
12 30 243
12 33 163
12 34 74
12 35 0
12 38 63
12 40 14
12 54 18
12 55 13
12 57 39
12 59 0
12 66 8
12 68 9
14 0 15
14 5 478
14 8 0
14 9 809
14 10 101
14 11 239
14 13 2148
14 15 181
14 18 147
14 23 69
14 25 281
14 28 18
14 29 29
14 30 417
14 33 372
14 34 189
14 35 13
14 38 172
14 40 16
14 54 46
14 55 14
14 57 110
14 59 1
14 66 36
14 68 0
16 0 76
16 5 436
16 8 15
16 9 621
16 10 105
16 11 230
16 13 469
16 15 469
16 18 724
16 23 559
16 25 436
16 28 137
16 29 42
16 30 525
16 33 446
16 34 190
16 35 31
16 38 192
16 40 10
16 54 46
16 55 24
16 57 127
16 59 1
16 66 40
16 68 18
17 0 24
17 5 469
17 8 18
17 9 663
17 10 70
17 11 115
17 13 293
17 15 383
17 18 1247
17 23 607
17 25 436
17 28 40
17 29 70
17 30 480
17 33 355
17 34 208
17 35 15
17 38 165
17 40 0
17 54 37
17 55 32
17 57 103
17 59 1
17 66 38
17 68 4
19 0 76
19 5 395
19 8 29
19 9 717
19 10 167
19 11 309
19 13 352
19 15 424
19 18 4654
19 23 832
19 25 493
19 28 161
19 29 78
19 30 731
19 33 551
19 34 196
19 35 37
19 38 298
19 40 27
19 54 41
19 55 38
19 57 99
19 59 16
19 66 68
19 68 53
20 0 96
20 5 575
20 8 19
20 9 801
20 10 96
20 11 287
20 13 449
20 15 412
20 18 1627
20 23 1119
20 25 714
20 28 152
20 29 206
20 30 783
20 33 441
20 34 265
20 35 52
20 38 275
20 40 50
20 54 66
20 55 25
20 57 188
20 59 9
20 66 26
20 68 58
21 0 141
21 5 709
21 8 42
21 9 1038
21 10 118
21 11 197
21 13 552
21 15 369
21 18 1022
21 23 2916
21 25 1351
21 28 404
21 29 370
21 30 1744
21 33 1249
21 34 612
21 35 70
21 38 683
21 40 89
21 54 114
21 55 102
21 57 277
21 59 35
21 66 45
21 68 68
22 0 58
22 5 437
22 8 46
22 9 716
22 10 85
22 11 212
22 13 357
22 15 393
22 18 558
22 23 2963
22 25 850
22 28 357
22 29 244
22 30 896
22 33 836
22 34 406
22 35 63
22 38 348
22 40 55
22 54 83
22 55 49
22 57 202
22 59 15
22 66 49
22 68 85
26 0 94
26 5 411
26 8 22
26 9 550
26 10 105
26 11 154
26 13 310
26 15 337
26 18 430
26 23 1112
26 25 4223
26 28 536
26 29 200
26 30 1156
26 33 901
26 34 469
26 35 92
26 38 454
26 40 78
26 54 59
26 55 39
26 57 215
26 59 26
26 66 136
26 68 62
31 0 77
31 5 261
31 8 13
31 9 496
31 10 35
31 11 127
31 13 188
31 15 322
31 18 319
31 23 629
31 25 527
31 28 439
31 29 204
31 30 4581
31 33 1968
31 34 788
31 35 110
31 38 673
31 40 136
31 54 52
31 55 55
31 57 138
31 59 7
31 66 48
31 68 46
37 0 75
37 5 189
37 8 11
37 9 357
37 10 61
37 11 153
37 13 193
37 15 199
37 18 297
37 23 354
37 25 436
37 28 159
37 29 106
37 30 938
37 33 1242
37 34 727
37 35 217
37 38 3294
37 40 173
37 54 64
37 55 94
37 57 239
37 59 8
37 66 77
37 68 114
42 0 33
42 5 107
42 8 16
42 9 155
42 10 27
42 11 82
42 13 126
42 15 91
42 18 128
42 23 265
42 25 411
42 28 125
42 29 39
42 30 555
42 33 528
42 34 383
42 35 47
42 38 628
42 40 217
42 54 111
42 55 61
42 57 174
42 59 7
42 66 49
42 68 30
43 0 35
43 5 175
43 8 1
43 9 325
43 10 29
43 11 118
43 13 142
43 15 219
43 18 175
43 23 619
43 25 520
43 28 238
43 29 129
43 30 769
43 33 810
43 34 324
43 35 85
43 38 1146
43 40 293
43 54 84
43 55 67
43 57 267
43 59 12
43 66 112
43 68 66
44 0 66
44 5 240
44 8 37
44 9 325
44 10 96
44 11 159
44 13 169
44 15 186
44 18 205
44 23 510
44 25 538
44 28 197
44 29 97
44 30 960
44 33 908
44 34 486
44 35 120
44 38 1121
44 40 197
44 54 100
44 55 107
44 57 342
44 59 23
44 66 105
44 68 73
45 0 72
45 5 348
45 8 3
45 9 371
45 10 35
45 11 63
45 13 149
45 15 178
45 18 170
45 23 660
45 25 446
45 28 173
45 29 112
45 30 733
45 33 950
45 34 517
45 35 64
45 38 967
45 40 158
45 54 93
45 55 80
45 57 356
45 59 15
45 66 133
45 68 37
46 0 31
46 5 79
46 8 4
46 9 176
46 10 33
46 11 42
46 13 71
46 15 91
46 18 140
46 23 278
46 25 152
46 28 77
46 29 41
46 30 301
46 33 332
46 34 164
46 35 59
46 38 436
46 40 71
46 54 55
46 55 47
46 57 133
46 59 6
46 66 36
46 68 40
48 0 170
48 5 121
48 8 2
48 9 51
48 10 1
48 11 3
48 13 58
48 15 46
48 18 78
48 23 45
48 25 122
48 28 52
48 29 2
48 30 186
48 33 113
48 34 88
48 35 19
48 38 236
48 40 13
48 54 8
48 55 10
48 57 71
48 59 2
48 66 38
48 68 15
49 0 71
49 5 173
49 8 8
49 9 205
49 10 25
49 11 72
49 13 125
49 15 172
49 18 199
49 23 419
49 25 328
49 28 147
49 29 118
49 30 607
49 33 612
49 34 448
49 35 56
49 38 717
49 40 131
49 54 92
49 55 142
49 57 257
49 59 24
49 66 64
49 68 59
50 0 10
50 5 132
50 8 0
50 9 164
50 10 29
50 11 13
50 13 48
50 15 29
50 18 57
50 23 183
50 25 171
50 28 39
50 29 33
50 30 326
50 33 341
50 34 229
50 35 26
50 38 315
50 40 27
50 54 78
50 55 33
50 57 124
50 59 3
50 66 54
50 68 24
52 0 26
52 5 117
52 8 7
52 9 156
52 10 16
52 11 19
52 13 108
52 15 19
52 18 85
52 23 371
52 25 141
52 28 6
52 29 21
52 30 193
52 33 315
52 34 117
52 35 26
52 38 169
52 40 13
52 54 142
52 55 40
52 57 182
52 59 3
52 66 53
52 68 18
53 0 1
53 5 17
53 8 0
53 9 31
53 10 0
53 11 4
53 13 23
53 15 8
53 18 23
53 23 46
53 25 32
53 28 38
53 29 32
53 30 57
53 33 68
53 34 43
53 35 0
53 38 34
53 40 5
53 54 50
53 55 72
53 57 15
53 59 0
53 66 8
53 68 0
60 0 61
60 5 141
60 8 7
60 9 190
60 10 36
60 11 81
60 13 130
60 15 106
60 18 92
60 23 269
60 25 246
60 28 149
60 29 37
60 30 406
60 33 263
60 34 240
60 35 62
60 38 387
60 40 44
60 54 109
60 55 97
60 57 473
60 59 281
60 66 311
60 68 136
61 0 43
61 5 113
61 8 1
61 9 130
61 10 7
61 11 6
61 13 45
61 15 66
61 18 104
61 23 233
61 25 157
61 28 80
61 29 21
61 30 275
61 33 277
61 34 130
61 35 32
61 38 181
61 40 37
61 54 61
61 55 68
61 57 333
61 59 46
61 66 188
61 68 93
63 0 40
63 5 96
63 8 0
63 9 102
63 10 18
63 11 63
63 13 75
63 15 84
63 18 75
63 23 155
63 25 182
63 28 61
63 29 29
63 30 264
63 33 256
63 34 125
63 35 11
63 38 247
63 40 33
63 54 78
63 55 102
63 57 297
63 59 63
63 66 217
63 68 150
64 0 47
64 5 73
64 8 0
64 9 139
64 10 8
64 11 49
64 13 79
64 15 69
64 18 151
64 23 140
64 25 109
64 28 60
64 29 35
64 30 200
64 33 252
64 34 112
64 35 33
64 38 176
64 40 48
64 54 22
64 55 43
64 57 208
64 59 52
64 66 276
64 68 137
65 0 16
65 5 77
65 8 10
65 9 155
65 10 17
65 11 33
65 13 50
65 15 73
65 18 98
65 23 152
65 25 229
65 28 48
65 29 33
65 30 239
65 33 267
65 34 102
65 35 11
65 38 171
65 40 46
65 54 34
65 55 38
65 57 250
65 59 37
65 66 201
65 68 189
67 0 7
67 5 41
67 8 0
67 9 24
67 10 1
67 11 5
67 13 21
67 15 24
67 18 20
67 23 66
67 25 31
67 28 43
67 29 11
67 30 76
67 33 65
67 34 24
67 35 2
67 38 32
67 40 0
67 54 14
67 55 17
67 57 65
67 59 8
67 66 339
67 68 79
69 0 40
69 5 152
69 8 7
69 9 210
69 10 25
69 11 80
69 13 115
69 15 80
69 18 133
69 23 253
69 25 286
69 28 48
69 29 43
69 30 321
69 33 292
69 34 181
69 35 8
69 38 255
69 40 42
69 54 63
69 55 81
69 57 403
69 59 30
69 66 484
69 68 782
