-1 -1 1 11138 29779 44231 50868 52846 56690 65723 87749 104687 120933 147782 167103 171769 192185 203353 217802 239095 260279 353009 360924 376971 402437 454365 483472
-1 -1 5693 15091 44231 50868 52846 55911 64056 74448 90248 109838 131220 167103 171769 185994 203353 217802 225341 247214 277942 360924 372670 380160 418222 483412 496513
15091 18344 222 5823 40 834 193 274 391 404 430 400 253 95 118 572 371 168 25 218 30 48 17 117 20 89 36
18344 29756 384 2999 46 1564 225 522 543 730 570 734 579 140 125 780 568 252 67 396 69 81 37 199 27 47 35
55911 56690 24 179 8 543 84 116 410 175 170 270 160 25 25 243 163 74 0 63 14 18 13 39 0 8 9
64056 65723 15 478 0 809 101 239 2148 181 147 69 281 18 29 417 372 189 13 172 16 46 14 110 1 36 0
86128 86217 76 436 15 621 105 230 469 469 724 559 436 137 42 525 446 190 31 192 10 46 24 127 1 40 18
86217 87749 24 469 18 663 70 115 293 383 1247 607 436 40 70 480 355 208 15 165 0 37 32 103 1 38 4
90248 91497 76 395 29 717 167 309 352 424 4654 832 493 161 78 731 551 196 37 298 27 41 38 99 16 68 53
91497 95256 96 575 19 801 96 287 449 412 1627 1119 714 152 206 783 441 265 52 275 50 66 25 188 9 26 58
95256 100530 141 709 42 1038 118 197 552 369 1022 2916 1351 404 370 1744 1249 612 70 683 89 114 102 277 35 45 68
100530 104687 58 437 46 716 85 212 357 393 558 2963 850 357 244 896 836 406 63 348 55 83 49 202 15 49 85
131220 134334 94 411 22 550 105 154 310 337 430 1112 4223 536 200 1156 901 469 92 454 78 59 39 215 26 136 62
185994 189074 77 261 13 496 35 127 188 322 319 629 527 439 204 4581 1968 788 110 673 136 52 55 138 7 48 46
237363 239095 75 189 11 357 61 153 193 199 297 354 436 159 106 938 1242 727 217 3294 173 64 94 239 8 77 114
286059 289198 33 107 16 155 27 82 126 91 128 265 411 125 39 555 528 383 47 628 217 111 61 174 7 49 30
289198 303867 35 175 1 325 29 118 142 219 175 619 520 238 129 769 810 324 85 1146 293 84 67 267 12 112 66
303867 310528 66 240 37 325 96 159 169 186 205 510 538 197 97 960 908 486 120 1121 197 100 107 342 23 105 73
310528 314538 72 348 3 371 35 63 149 178 170 660 446 173 112 733 950 517 64 967 158 93 80 356 15 133 37
314538 327240 31 79 4 176 33 42 71 91 140 278 152 77 41 301 332 164 59 436 71 55 47 133 6 36 40
331940 332109 170 121 2 51 1 3 58 46 78 45 122 52 2 186 113 88 19 236 13 8 10 71 2 38 15
332109 334889 71 173 8 205 25 72 125 172 199 419 328 147 118 607 612 448 56 717 131 92 142 257 24 64 59
334889 335401 10 132 0 164 29 13 48 29 57 183 171 39 33 326 341 229 26 315 27 78 33 124 3 54 24
346310 352385 26 117 7 156 16 19 108 19 85 371 141 6 21 193 315 117 26 169 13 142 40 182 3 53 18
352385 353009 1 17 0 31 0 4 23 8 23 46 32 38 32 57 68 43 0 34 5 50 72 15 0 8 0
418222 421291 61 141 7 190 36 81 130 106 92 269 246 149 37 406 263 240 62 387 44 109 97 473 281 311 136
421291 433293 43 113 1 130 7 6 45 66 104 233 157 80 21 275 277 130 32 181 37 61 68 333 46 188 93
441045 445126 40 96 0 102 18 63 75 84 75 155 182 61 29 264 256 125 11 247 33 78 102 297 63 217 150
445126 447073 47 73 0 139 8 49 79 69 151 140 109 60 35 200 252 112 33 176 48 22 43 208 52 276 137
447073 454365 16 77 10 155 17 33 50 73 98 152 229 48 33 239 267 102 11 171 46 34 38 250 37 201 189
483412 483472 7 41 0 24 1 5 21 24 20 66 31 43 11 76 65 24 2 32 0 14 17 65 8 339 79
496513 499411 40 152 7 210 25 80 115 80 133 253 286 48 43 321 292 181 8 255 42 63 81 403 30 484 782
