3 0 222
3 2 5823
3 5 40
3 6 834
3 7 193
3 8 274
3 10 391
3 12 404
3 16 430
3 21 400
3 23 253
3 26 95
3 27 118
3 28 572
3 31 371
3 32 168
3 33 25
3 37 218
3 39 30
3 53 48
3 54 17
3 56 117
3 59 20
3 66 89
3 68 36
4 0 384
4 2 2999
4 5 46
4 6 1564
4 7 225
4 8 522
4 10 543
4 12 730
4 16 570
4 21 734
4 23 579
4 26 140
4 27 125
4 28 780
4 31 568
4 32 252
4 33 67
4 37 396
4 39 69
4 53 81
4 54 37
4 56 199
4 59 27
4 66 47
4 68 35
9 0 24
9 2 179
9 5 8
9 6 543
9 7 84
9 8 116
9 10 410
9 12 175
9 16 170
9 21 270
9 23 160
9 26 25
9 27 25
9 28 243
9 31 163
9 32 74
9 33 0
9 37 63
9 39 14
9 53 18
9 54 13
9 56 39
9 59 0
9 66 8
9 68 9
11 0 15
11 2 478
11 5 0
11 6 809
11 7 101
11 8 239
11 10 2148
11 12 181
11 16 147
11 21 69
11 23 281
11 26 18
11 27 29
11 28 417
11 31 372
11 32 189
11 33 13
11 37 172
11 39 16
11 53 46
11 54 14
11 56 110
11 59 1
11 66 36
11 68 0
14 0 76
14 2 436
14 5 15
14 6 621
14 7 105
14 8 230
14 10 469
14 12 469
14 16 724
14 21 559
14 23 436
14 26 137
14 27 42
14 28 525
14 31 446
14 32 190
14 33 31
14 37 192
14 39 10
14 53 46
14 54 24
14 56 127
14 59 1
14 66 40
14 68 18
15 0 24
15 2 469
15 5 18
15 6 663
15 7 70
15 8 115
15 10 293
15 12 383
15 16 1247
15 21 607
15 23 436
15 26 40
15 27 70
15 28 480
15 31 355
15 32 208
15 33 15
15 37 165
15 39 0
15 53 37
15 54 32
15 56 103
15 59 1
15 66 38
15 68 4
17 0 76
17 2 395
17 5 29
17 6 717
17 7 167
17 8 309
17 10 352
17 12 424
17 16 4654
17 21 832
17 23 493
17 26 161
17 27 78
17 28 731
17 31 551
17 32 196
17 33 37
17 37 298
17 39 27
17 53 41
17 54 38
17 56 99
17 59 16
17 66 68
17 68 53
18 0 96
18 2 575
18 5 19
18 6 801
18 7 96
18 8 287
18 10 449
18 12 412
18 16 1627
18 21 1119
18 23 714
18 26 152
18 27 206
18 28 783
18 31 441
18 32 265
18 33 52
18 37 275
18 39 50
18 53 66
18 54 25
18 56 188
18 59 9
18 66 26
18 68 58
19 0 141
19 2 709
19 5 42
19 6 1038
19 7 118
19 8 197
19 10 552
19 12 369
19 16 1022
19 21 2916
19 23 1351
19 26 404
19 27 370
19 28 1744
19 31 1249
19 32 612
19 33 70
19 37 683
19 39 89
19 53 114
19 54 102
19 56 277
19 59 35
19 66 45
19 68 68
20 0 58
20 2 437
20 5 46
20 6 716
20 7 85
20 8 212
20 10 357
20 12 393
20 16 558
20 21 2963
20 23 850
20 26 357
20 27 244
20 28 896
20 31 836
20 32 406
20 33 63
20 37 348
20 39 55
20 53 83
20 54 49
20 56 202
20 59 15
20 66 49
20 68 85
24 0 94
24 2 411
24 5 22
24 6 550
24 7 105
24 8 154
24 10 310
24 12 337
24 16 430
24 21 1112
24 23 4223
24 26 536
24 27 200
24 28 1156
24 31 901
24 32 469
24 33 92
24 37 454
24 39 78
24 53 59
24 54 39
24 56 215
24 59 26
24 66 136
24 68 62
29 0 77
29 2 261
29 5 13
29 6 496
29 7 35
29 8 127
29 10 188
29 12 322
29 16 319
29 21 629
29 23 527
29 26 439
29 27 204
29 28 4581
29 31 1968
29 32 788
29 33 110
29 37 673
29 39 136
29 53 52
29 54 55
29 56 138
29 59 7
29 66 48
29 68 46
36 0 75
36 2 189
36 5 11
36 6 357
36 7 61
36 8 153
36 10 193
36 12 199
36 16 297
36 21 354
36 23 436
36 26 159
36 27 106
36 28 938
36 31 1242
36 32 727
36 33 217
36 37 3294
36 39 173
36 53 64
36 54 94
36 56 239
36 59 8
36 66 77
36 68 114
41 0 33
41 2 107
41 5 16
41 6 155
41 7 27
41 8 82
41 10 126
41 12 91
41 16 128
41 21 265
41 23 411
41 26 125
41 27 39
41 28 555
41 31 528
41 32 383
41 33 47
41 37 628
41 39 217
41 53 111
41 54 61
41 56 174
41 59 7
41 66 49
41 68 30
42 0 35
42 2 175
42 5 1
42 6 325
42 7 29
42 8 118
42 10 142
42 12 219
42 16 175
42 21 619
42 23 520
42 26 238
42 27 129
42 28 769
42 31 810
42 32 324
42 33 85
42 37 1146
42 39 293
42 53 84
42 54 67
42 56 267
42 59 12
42 66 112
42 68 66
43 0 66
43 2 240
43 5 37
43 6 325
43 7 96
43 8 159
43 10 169
43 12 186
43 16 205
43 21 510
43 23 538
43 26 197
43 27 97
43 28 960
43 31 908
43 32 486
43 33 120
43 37 1121
43 39 197
43 53 100
43 54 107
43 56 342
43 59 23
43 66 105
43 68 73
44 0 72
44 2 348
44 5 3
44 6 371
44 7 35
44 8 63
44 10 149
44 12 178
44 16 170
44 21 660
44 23 446
44 26 173
44 27 112
44 28 733
44 31 950
44 32 517
44 33 64
44 37 967
44 39 158
44 53 93
44 54 80
44 56 356
44 59 15
44 66 133
44 68 37
45 0 31
45 2 79
45 5 4
45 6 176
45 7 33
45 8 42
45 10 71
45 12 91
45 16 140
45 21 278
45 23 152
45 26 77
45 27 41
45 28 301
45 31 332
45 32 164
45 33 59
45 37 436
45 39 71
45 53 55
45 54 47
45 56 133
45 59 6
45 66 36
45 68 40
47 0 170
47 2 121
47 5 2
47 6 51
47 7 1
47 8 3
47 10 58
47 12 46
47 16 78
47 21 45
47 23 122
47 26 52
47 27 2
47 28 186
47 31 113
47 32 88
47 33 19
47 37 236
47 39 13
47 53 8
47 54 10
47 56 71
47 59 2
47 66 38
47 68 15
48 0 71
48 2 173
48 5 8
48 6 205
48 7 25
48 8 72
48 10 125
48 12 172
48 16 199
48 21 419
48 23 328
48 26 147
48 27 118
48 28 607
48 31 612
48 32 448
48 33 56
48 37 717
48 39 131
48 53 92
48 54 142
48 56 257
48 59 24
48 66 64
48 68 59
49 0 10
49 2 132
49 5 0
49 6 164
49 7 29
49 8 13
49 10 48
49 12 29
49 16 57
49 21 183
49 23 171
49 26 39
49 27 33
49 28 326
49 31 341
49 32 229
49 33 26
49 37 315
49 39 27
49 53 78
49 54 33
49 56 124
49 59 3
49 66 54
49 68 24
51 0 26
51 2 117
51 5 7
51 6 156
51 7 16
51 8 19
51 10 108
51 12 19
51 16 85
51 21 371
51 23 141
51 26 6
51 27 21
51 28 193
51 31 315
51 32 117
51 33 26
51 37 169
51 39 13
51 53 142
51 54 40
51 56 182
51 59 3
51 66 53
51 68 18
52 0 1
52 2 17
52 5 0
52 6 31
52 7 0
52 8 4
52 10 23
52 12 8
52 16 23
52 21 46
52 23 32
52 26 38
52 27 32
52 28 57
52 31 68
52 32 43
52 33 0
52 37 34
52 39 5
52 53 50
52 54 72
52 56 15
52 59 0
52 66 8
52 68 0
60 0 61
60 2 141
60 5 7
60 6 190
60 7 36
60 8 81
60 10 130
60 12 106
60 16 92
60 21 269
60 23 246
60 26 149
60 27 37
60 28 406
60 31 263
60 32 240
60 33 62
60 37 387
60 39 44
60 53 109
60 54 97
60 56 473
60 59 281
60 66 311
60 68 136
61 0 43
61 2 113
61 5 1
61 6 130
61 7 7
61 8 6
61 10 45
61 12 66
61 16 104
61 21 233
61 23 157
61 26 80
61 27 21
61 28 275
61 31 277
61 32 130
61 33 32
61 37 181
61 39 37
61 53 61
61 54 68
61 56 333
61 59 46
61 66 188
61 68 93
63 0 40
63 2 96
63 5 0
63 6 102
63 7 18
63 8 63
63 10 75
63 12 84
63 16 75
63 21 155
63 23 182
63 26 61
63 27 29
63 28 264
63 31 256
63 32 125
63 33 11
63 37 247
63 39 33
63 53 78
63 54 102
63 56 297
63 59 63
63 66 217
63 68 150
64 0 47
64 2 73
64 5 0
64 6 139
64 7 8
64 8 49
64 10 79
64 12 69
64 16 151
64 21 140
64 23 109
64 26 60
64 27 35
64 28 200
64 31 252
64 32 112
64 33 33
64 37 176
64 39 48
64 53 22
64 54 43
64 56 208
64 59 52
64 66 276
64 68 137
65 0 16
65 2 77
65 5 10
65 6 155
65 7 17
65 8 33
65 10 50
65 12 73
65 16 98
65 21 152
65 23 229
65 26 48
65 27 33
65 28 239
65 31 267
65 32 102
65 33 11
65 37 171
65 39 46
65 53 34
65 54 38
65 56 250
65 59 37
65 66 201
65 68 189
67 0 7
67 2 41
67 5 0
67 6 24
67 7 1
67 8 5
67 10 21
67 12 24
67 16 20
67 21 66
67 23 31
67 26 43
67 27 11
67 28 76
67 31 65
67 32 24
67 33 2
67 37 32
67 39 0
67 53 14
67 54 17
67 56 65
67 59 8
67 66 339
67 68 79
69 0 40
69 2 152
69 5 7
69 6 210
69 7 25
69 8 80
69 10 115
69 12 80
69 16 133
69 21 253
69 23 286
69 26 48
69 27 43
69 28 321
69 31 292
69 32 181
69 33 8
69 37 255
69 39 42
69 53 63
69 54 81
69 56 403
69 59 30
69 66 484
69 68 782
