80 6 0
13686 6 5
26 6 8
231 6 9
16 6 10
62 6 11
33 6 13
69 6 15
84 6 18
35 6 23
40 6 25
36 6 28
47 6 29
139 6 30
68 6 33
69 6 34
0 6 35
34 6 38
12 6 40
8 6 54
1 6 55
1 6 57
0 6 59
11 6 66
0 6 68
91 7 0
5281 7 5
59 7 8
466 7 9
15 7 10
64 7 11
91 7 13
82 7 15
92 7 18
40 7 23
39 7 25
48 7 28
28 7 29
178 7 30
143 7 33
52 7 34
41 7 35
103 7 38
12 7 40
14 7 54
5 7 55
22 7 57
0 7 59
15 7 66
10 7 68
11 12 0
30 12 5
11 12 8
204 12 9
135 12 10
43 12 11
1179 12 13
42 12 15
45 12 18
24 12 23
12 12 25
19 12 28
10 12 29
117 12 30
77 12 33
11 12 34
9 12 35
23 12 38
0 12 40
0 12 54
0 12 55
0 12 57
0 12 59
0 12 66
0 12 68
0 14 0
33 14 5
0 14 8
167 14 9
22 14 10
64 14 11
5708 14 13
440 14 15
35 14 18
17 14 23
72 14 25
10 14 28
53 14 29
137 14 30
112 14 33
24 14 34
0 14 35
26 14 38
18 14 40
6 14 54
4 14 55
29 14 57
0 14 59
7 14 66
0 14 68
10 16 0
43 16 5
0 16 8
154 16 9
0 16 10
80 16 11
311 16 13
706 16 15
853 16 18
126 16 23
25 16 25
29 16 28
26 16 29
227 16 30
143 16 33
28 16 34
18 16 35
32 16 38
18 16 40
10 16 54
0 16 55
12 16 57
0 16 59
9 16 66
0 16 68
37 17 0
15 17 5
0 17 8
106 17 9
0 17 10
49 17 11
153 17 13
186 17 15
2641 17 18
134 17 23
68 17 25
7 17 28
21 17 29
254 17 30
103 17 33
10 17 34
0 17 35
62 17 38
19 17 40
8 17 54
22 17 55
0 17 57
7 17 59
20 17 66
0 17 68
1 19 0
30 19 5
0 19 8
67 19 9
1 19 10
32 19 11
158 19 13
105 19 15
8721 19 18
186 19 23
72 19 25
32 19 28
16 19 29
109 19 30
91 19 33
18 19 34
9 19 35
8 19 38
8 19 40
1 19 54
7 19 55
4 19 57
0 19 59
4 19 66
3 19 68
15 20 0
77 20 5
0 20 8
265 20 9
14 20 10
28 20 11
234 20 13
231 20 15
3095 20 18
655 20 23
367 20 25
143 20 28
187 20 29
582 20 30
71 20 33
94 20 34
0 20 35
66 20 38
7 20 40
23 20 54
8 20 55
6 20 57
0 20 59
0 20 66
9 20 68
72 21 0
67 21 5
0 21 8
345 21 9
57 21 10
103 21 11
227 21 13
203 21 15
927 21 18
3492 21 23
924 21 25
617 21 28
246 21 29
1508 21 30
528 21 33
180 21 34
42 21 35
146 21 38
42 21 40
6 21 54
23 21 55
51 21 57
0 21 59
34 21 66
31 21 68
25 22 0
39 22 5
0 22 8
144 22 9
16 22 10
45 22 11
110 22 13
168 22 15
359 22 18
6516 22 23
637 22 25
375 22 28
128 22 29
388 22 30
217 22 33
59 22 34
63 22 35
69 22 38
7 22 40
7 22 54
11 22 55
32 22 57
0 22 59
3 22 66
49 22 68
92 26 0
38 26 5
0 26 8
132 26 9
2 26 10
71 26 11
108 26 13
142 26 15
192 26 18
952 26 23
6245 26 25
444 26 28
126 26 29
270 26 30
200 26 33
38 26 34
79 26 35
105 26 38
33 26 40
7 26 54
5 26 55
8 26 57
4 26 59
3 26 66
0 26 68
16 31 0
11 31 5
0 31 8
126 31 9
39 31 10
52 31 11
206 31 13
108 31 15
93 31 18
131 31 23
88 31 25
223 31 28
37 31 29
10810 31 30
2618 31 33
601 31 34
106 31 35
293 31 38
34 31 40
12 31 54
1 31 55
26 31 57
2 31 59
21 31 66
6 31 68
1 37 0
2 37 5
0 37 8
29 37 9
13 37 10
0 37 11
18 37 13
58 37 15
13 37 18
46 37 23
22 37 25
28 37 28
0 37 29
207 37 30
431 37 33
249 37 34
60 37 35
11948 37 38
31 37 40
7 37 54
0 37 55
30 37 57
0 37 59
0 37 66
16 37 68
0 42 0
0 42 5
0 42 8
13 42 9
0 42 10
10 42 11
35 42 13
7 42 15
0 42 18
17 42 23
24 42 25
53 42 28
0 42 29
132 42 30
72 42 33
71 42 34
13 42 35
136 42 38
267 42 40
10 42 54
41 42 55
14 42 57
4 42 59
35 42 66
0 42 68
26 43 0
28 43 5
0 43 8
115 43 9
5 43 10
9 43 11
43 43 13
35 43 15
62 43 18
91 43 23
19 43 25
49 43 28
0 43 29
322 43 30
384 43 33
234 43 34
61 43 35
590 43 38
476 43 40
50 43 54
30 43 55
75 43 57
4 43 59
28 43 66
26 43 68
28 44 0
19 44 5
0 44 8
77 44 9
0 44 10
27 44 11
34 44 13
19 44 15
45 44 18
124 44 23
98 44 25
50 44 28
0 44 29
291 44 30
529 44 33
263 44 34
100 44 35
329 44 38
240 44 40
24 44 54
27 44 55
74 44 57
7 44 59
71 44 66
55 44 68
0 45 0
11 45 5
0 45 8
94 45 9
25 45 10
11 45 11
41 45 13
9 45 15
20 45 18
35 45 23
23 45 25
42 45 28
0 45 29
141 45 30
250 45 33
155 45 34
42 45 35
350 45 38
133 45 40
34 45 54
11 45 55
70 45 57
5 45 59
24 45 66
6 45 68
7 46 0
2 46 5
0 46 8
38 46 9
9 46 10
17 46 11
13 46 13
18 46 15
0 46 18
30 46 23
15 46 25
8 46 28
1 46 29
78 46 30
121 46 33
33 46 34
23 46 35
95 46 38
39 46 40
27 46 54
10 46 55
27 46 57
0 46 59
29 46 66
6 46 68
129 48 0
91 48 5
0 48 8
46 48 9
12 48 10
0 48 11
53 48 13
57 48 15
33 48 18
59 48 23
30 48 25
0 48 28
11 48 29
165 48 30
125 48 33
87 48 34
6 48 35
173 48 38
33 48 40
22 48 54
1 48 55
53 48 57
3 48 59
31 48 66
0 48 68
69 49 0
1 49 5
0 49 8
57 49 9
0 49 10
38 49 11
41 49 13
48 49 15
40 49 18
25 49 23
0 49 25
18 49 28
43 49 29
129 49 30
256 49 33
81 49 34
0 49 35
147 49 38
59 49 40
4 49 54
19 49 55
41 49 57
0 49 59
2 49 66
45 49 68
1 50 0
26 50 5
0 50 8
5 50 9
17 50 10
1 50 11
21 50 13
7 50 15
0 50 18
25 50 23
16 50 25
15 50 28
0 50 29
76 50 30
75 50 33
49 50 34
9 50 35
42 50 38
19 50 40
15 50 54
0 50 55
11 50 57
0 50 59
13 50 66
0 50 68
0 52 0
0 52 5
0 52 8
21 52 9
0 52 10
0 52 11
33 52 13
14 52 15
0 52 18
21 52 23
17 52 25
0 52 28
0 52 29
24 52 30
65 52 33
23 52 34
16 52 35
37 52 38
0 52 40
58 52 54
7 52 55
23 52 57
0 52 59
21 52 66
0 52 68
1 53 0
0 53 5
0 53 8
21 53 9
0 53 10
0 53 11
0 53 13
0 53 15
0 53 18
17 53 23
0 53 25
1 53 28
0 53 29
0 53 30
0 53 33
0 53 34
0 53 35
0 53 38
0 53 40
15 53 54
11 53 55
0 53 57
0 53 59
27 53 66
0 53 68
10 60 0
8 60 5
0 60 8
19 60 9
0 60 10
0 60 11
12 60 13
10 60 15
6 60 18
20 60 23
32 60 25
34 60 28
12 60 29
34 60 30
49 60 33
52 60 34
0 60 35
65 60 38
10 60 40
25 60 54
35 60 55
125 60 57
621 60 59
172 60 66
102 60 68
9 61 0
0 61 5
0 61 8
14 61 9
0 61 10
5 61 11
22 61 13
11 61 15
5 61 18
13 61 23
6 61 25
15 61 28
0 61 29
76 61 30
69 61 33
29 61 34
0 61 35
58 61 38
7 61 40
14 61 54
19 61 55
90 61 57
43 61 59
170 61 66
42 61 68
0 63 0
4 63 5
0 63 8
12 63 9
1 63 10
4 63 11
7 63 13
29 63 15
11 63 18
3 63 23
9 63 25
0 63 28
1 63 29
1 63 30
36 63 33
36 63 34
3 63 35
46 63 38
13 63 40
0 63 54
4 63 55
36 63 57
40 63 59
166 63 66
63 63 68
0 64 0
9 64 5
0 64 8
1 64 9
0 64 10
0 64 11
5 64 13
0 64 15
0 64 18
16 64 23
0 64 25
8 64 28
6 64 29
26 64 30
24 64 33
14 64 34
0 64 35
45 64 38
10 64 40
1 64 54
23 64 55
67 64 57
10 64 59
169 64 66
53 64 68
0 65 0
6 65 5
0 65 8
22 65 9
6 65 10
2 65 11
4 65 13
24 65 15
14 65 18
10 65 23
47 65 25
0 65 28
1 65 29
42 65 30
38 65 33
54 65 34
14 65 35
56 65 38
21 65 40
20 65 54
30 65 55
77 65 57
39 65 59
521 65 66
182 65 68
22 67 0
23 67 5
0 67 8
0 67 9
0 67 10
0 67 11
18 67 13
0 67 15
0 67 18
4 67 23
0 67 25
0 67 28
0 67 29
0 67 30
23 67 33
10 67 34
0 67 35
44 67 38
11 67 40
7 67 54
21 67 55
1 67 57
0 67 59
484 67 66
216 67 68
17 69 0
9 69 5
0 69 8
33 69 9
0 69 10
5 69 11
53 69 13
50 69 15
40 69 18
17 69 23
0 69 25
10 69 28
6 69 29
97 69 30
68 69 33
67 69 34
1 69 35
31 69 38
0 69 40
2 69 54
7 69 55
133 69 57
36 69 59
386 69 66
2949 69 68
