3 0 80
3 2 13686
3 5 26
3 6 231
3 7 16
3 8 62
3 10 33
3 12 69
3 16 84
3 21 35
3 23 40
3 26 36
3 27 47
3 28 139
3 31 68
3 32 69
3 33 0
3 37 34
3 39 12
3 53 8
3 54 1
3 56 1
3 59 0
3 66 11
3 68 0
4 0 91
4 2 5281
4 5 59
4 6 466
4 7 15
4 8 64
4 10 91
4 12 82
4 16 92
4 21 40
4 23 39
4 26 48
4 27 28
4 28 178
4 31 143
4 32 52
4 33 41
4 37 103
4 39 12
4 53 14
4 54 5
4 56 22
4 59 0
4 66 15
4 68 10
9 0 11
9 2 30
9 5 11
9 6 204
9 7 135
9 8 43
9 10 1179
9 12 42
9 16 45
9 21 24
9 23 12
9 26 19
9 27 10
9 28 117
9 31 77
9 32 11
9 33 9
9 37 23
9 39 0
9 53 0
9 54 0
9 56 0
9 59 0
9 66 0
9 68 0
11 0 0
11 2 33
11 5 0
11 6 167
11 7 22
11 8 64
11 10 5708
11 12 440
11 16 35
11 21 17
11 23 72
11 26 10
11 27 53
11 28 137
11 31 112
11 32 24
11 33 0
11 37 26
11 39 18
11 53 6
11 54 4
11 56 29
11 59 0
11 66 7
11 68 0
14 0 10
14 2 43
14 5 0
14 6 154
14 7 0
14 8 80
14 10 311
14 12 706
14 16 853
14 21 126
14 23 25
14 26 29
14 27 26
14 28 227
14 31 143
14 32 28
14 33 18
14 37 32
14 39 18
14 53 10
14 54 0
14 56 12
14 59 0
14 66 9
14 68 0
15 0 37
15 2 15
15 5 0
15 6 106
15 7 0
15 8 49
15 10 153
15 12 186
15 16 2641
15 21 134
15 23 68
15 26 7
15 27 21
15 28 254
15 31 103
15 32 10
15 33 0
15 37 62
15 39 19
15 53 8
15 54 22
15 56 0
15 59 7
15 66 20
15 68 0
17 0 1
17 2 30
17 5 0
17 6 67
17 7 1
17 8 32
17 10 158
17 12 105
17 16 8721
17 21 186
17 23 72
17 26 32
17 27 16
17 28 109
17 31 91
17 32 18
17 33 9
17 37 8
17 39 8
17 53 1
17 54 7
17 56 4
17 59 0
17 66 4
17 68 3
18 0 15
18 2 77
18 5 0
18 6 265
18 7 14
18 8 28
18 10 234
18 12 231
18 16 3095
18 21 655
18 23 367
18 26 143
18 27 187
18 28 582
18 31 71
18 32 94
18 33 0
18 37 66
18 39 7
18 53 23
18 54 8
18 56 6
18 59 0
18 66 0
18 68 9
19 0 72
19 2 67
19 5 0
19 6 345
19 7 57
19 8 103
19 10 227
19 12 203
19 16 927
19 21 3492
19 23 924
19 26 617
19 27 246
19 28 1508
19 31 528
19 32 180
19 33 42
19 37 146
19 39 42
19 53 6
19 54 23
19 56 51
19 59 0
19 66 34
19 68 31
20 0 25
20 2 39
20 5 0
20 6 144
20 7 16
20 8 45
20 10 110
20 12 168
20 16 359
20 21 6516
20 23 637
20 26 375
20 27 128
20 28 388
20 31 217
20 32 59
20 33 63
20 37 69
20 39 7
20 53 7
20 54 11
20 56 32
20 59 0
20 66 3
20 68 49
24 0 92
24 2 38
24 5 0
24 6 132
24 7 2
24 8 71
24 10 108
24 12 142
24 16 192
24 21 952
24 23 6245
24 26 444
24 27 126
24 28 270
24 31 200
24 32 38
24 33 79
24 37 105
24 39 33
24 53 7
24 54 5
24 56 8
24 59 4
24 66 3
24 68 0
29 0 16
29 2 11
29 5 0
29 6 126
29 7 39
29 8 52
29 10 206
29 12 108
29 16 93
29 21 131
29 23 88
29 26 223
29 27 37
29 28 10810
29 31 2618
29 32 601
29 33 106
29 37 293
29 39 34
29 53 12
29 54 1
29 56 26
29 59 2
29 66 21
29 68 6
36 0 1
36 2 2
36 5 0
36 6 29
36 7 13
36 8 0
36 10 18
36 12 58
36 16 13
36 21 46
36 23 22
36 26 28
36 27 0
36 28 207
36 31 431
36 32 249
36 33 60
36 37 11948
36 39 31
36 53 7
36 54 0
36 56 30
36 59 0
36 66 0
36 68 16
41 0 0
41 2 0
41 5 0
41 6 13
41 7 0
41 8 10
41 10 35
41 12 7
41 16 0
41 21 17
41 23 24
41 26 53
41 27 0
41 28 132
41 31 72
41 32 71
41 33 13
41 37 136
41 39 267
41 53 10
41 54 41
41 56 14
41 59 4
41 66 35
41 68 0
42 0 26
42 2 28
42 5 0
42 6 115
42 7 5
42 8 9
42 10 43
42 12 35
42 16 62
42 21 91
42 23 19
42 26 49
42 27 0
42 28 322
42 31 384
42 32 234
42 33 61
42 37 590
42 39 476
42 53 50
42 54 30
42 56 75
42 59 4
42 66 28
42 68 26
43 0 28
43 2 19
43 5 0
43 6 77
43 7 0
43 8 27
43 10 34
43 12 19
43 16 45
43 21 124
43 23 98
43 26 50
43 27 0
43 28 291
43 31 529
43 32 263
43 33 100
43 37 329
43 39 240
43 53 24
43 54 27
43 56 74
43 59 7
43 66 71
43 68 55
44 0 0
44 2 11
44 5 0
44 6 94
44 7 25
44 8 11
44 10 41
44 12 9
44 16 20
44 21 35
44 23 23
44 26 42
44 27 0
44 28 141
44 31 250
44 32 155
44 33 42
44 37 350
44 39 133
44 53 34
44 54 11
44 56 70
44 59 5
44 66 24
44 68 6
45 0 7
45 2 2
45 5 0
45 6 38
45 7 9
45 8 17
45 10 13
45 12 18
45 16 0
45 21 30
45 23 15
45 26 8
45 27 1
45 28 78
45 31 121
45 32 33
45 33 23
45 37 95
45 39 39
45 53 27
45 54 10
45 56 27
45 59 0
45 66 29
45 68 6
47 0 129
47 2 91
47 5 0
47 6 46
47 7 12
47 8 0
47 10 53
47 12 57
47 16 33
47 21 59
47 23 30
47 26 0
47 27 11
47 28 165
47 31 125
47 32 87
47 33 6
47 37 173
47 39 33
47 53 22
47 54 1
47 56 53
47 59 3
47 66 31
47 68 0
48 0 69
48 2 1
48 5 0
48 6 57
48 7 0
48 8 38
48 10 41
48 12 48
48 16 40
48 21 25
48 23 0
48 26 18
48 27 43
48 28 129
48 31 256
48 32 81
48 33 0
48 37 147
48 39 59
48 53 4
48 54 19
48 56 41
48 59 0
48 66 2
48 68 45
49 0 1
49 2 26
49 5 0
49 6 5
49 7 17
49 8 1
49 10 21
49 12 7
49 16 0
49 21 25
49 23 16
49 26 15
49 27 0
49 28 76
49 31 75
49 32 49
49 33 9
49 37 42
49 39 19
49 53 15
49 54 0
49 56 11
49 59 0
49 66 13
49 68 0
51 0 0
51 2 0
51 5 0
51 6 21
51 7 0
51 8 0
51 10 33
51 12 14
51 16 0
51 21 21
51 23 17
51 26 0
51 27 0
51 28 24
51 31 65
51 32 23
51 33 16
51 37 37
51 39 0
51 53 58
51 54 7
51 56 23
51 59 0
51 66 21
51 68 0
52 0 1
52 2 0
52 5 0
52 6 21
52 7 0
52 8 0
52 10 0
52 12 0
52 16 0
52 21 17
52 23 0
52 26 1
52 27 0
52 28 0
52 31 0
52 32 0
52 33 0
52 37 0
52 39 0
52 53 15
52 54 11
52 56 0
52 59 0
52 66 27
52 68 0
60 0 10
60 2 8
60 5 0
60 6 19
60 7 0
60 8 0
60 10 12
60 12 10
60 16 6
60 21 20
60 23 32
60 26 34
60 27 12
60 28 34
60 31 49
60 32 52
60 33 0
60 37 65
60 39 10
60 53 25
60 54 35
60 56 125
60 59 621
60 66 172
60 68 102
61 0 9
61 2 0
61 5 0
61 6 14
61 7 0
61 8 5
61 10 22
61 12 11
61 16 5
61 21 13
61 23 6
61 26 15
61 27 0
61 28 76
61 31 69
61 32 29
61 33 0
61 37 58
61 39 7
61 53 14
61 54 19
61 56 90
61 59 43
61 66 170
61 68 42
63 0 0
63 2 4
63 5 0
63 6 12
63 7 1
63 8 4
63 10 7
63 12 29
63 16 11
63 21 3
63 23 9
63 26 0
63 27 1
63 28 1
63 31 36
63 32 36
63 33 3
63 37 46
63 39 13
63 53 0
63 54 4
63 56 36
63 59 40
63 66 166
63 68 63
64 0 0
64 2 9
64 5 0
64 6 1
64 7 0
64 8 0
64 10 5
64 12 0
64 16 0
64 21 16
64 23 0
64 26 8
64 27 6
64 28 26
64 31 24
64 32 14
64 33 0
64 37 45
64 39 10
64 53 1
64 54 23
64 56 67
64 59 10
64 66 169
64 68 53
65 0 0
65 2 6
65 5 0
65 6 22
65 7 6
65 8 2
65 10 4
65 12 24
65 16 14
65 21 10
65 23 47
65 26 0
65 27 1
65 28 42
65 31 38
65 32 54
65 33 14
65 37 56
65 39 21
65 53 20
65 54 30
65 56 77
65 59 39
65 66 521
65 68 182
67 0 22
67 2 23
67 5 0
67 6 0
67 7 0
67 8 0
67 10 18
67 12 0
67 16 0
67 21 4
67 23 0
67 26 0
67 27 0
67 28 0
67 31 23
67 32 10
67 33 0
67 37 44
67 39 11
67 53 7
67 54 21
67 56 1
67 59 0
67 66 484
67 68 216
69 0 17
69 2 9
69 5 0
69 6 33
69 7 0
69 8 5
69 10 53
69 12 50
69 16 40
69 21 17
69 23 0
69 26 10
69 27 6
69 28 97
69 31 68
69 32 67
69 33 1
69 37 31
69 39 0
69 53 2
69 54 7
69 56 133
69 59 36
69 66 386
69 68 2949
